6521405,
3155342,
4115329,
8111674,
6583722,
2673573,
3951115,
3435090,
1213210,
4004823,
4317201,
4666485,
9122576,
4106713,
1107183,
1337492,
291057,
2029106,
1766631,
9874807,
2338609,
9305104,
5424126,
5925932,
6721440,
4133318,
6744814,
7213061,
2509763,
2217288,
1145342,
4463696,
4561432,
2665110,
5405510,
4597313,
4145398,
2576870,
1295981,
1665872,
3496552,
8859611,
612815,
7051728,
1398864,
409209,
7968669,
1119943,
4696399,
8085557,
2836914,
3902777,
622038,
3882198,
4678916,
2462588,
7011468,
4353480,
4506269,
7335126,
1835271,
6712111,
2938667,
9898661,
34584,
9046931,
8714651,
6645179,
4386178,
8835438,
2696436,
5148265,
8050395,
6337670,
681473,
28169,
9570710,
1557650,
3792449,
5407853,
6396387,
5245737,
7863852,
3234764,
489936,
5889819,
3077243,
4411326,
9258800,
5805371,
2118858,
1933126,
6915981,
284070,
9342148,
2177024,
5426951,
4297697,
4814345,
2112337,
440574,
1478737,
5710109,
6526583,
6029343,
11120,
3286855,
363152,
2679600,
9664228,
6635255,
6961572,
5775042,
3490369,
4544984,
3372010,
6807139,
6680494,
4159687,
8983852,
6723732,
3735136,
9616684,
3464238,
192406,
3457047,
5575893,
4445612,
1107891,
9309213,
9438912,
4532383,
3413025,
406478,
2143250,
1014986,
7230532,
5821118,
688086,
185619,
8418096,
1982398,
6007032,
1343225,
9961952,
9737091,
7449758,
3456157,
6114473,
4112753,
9968378,
19342,
4858900,
5987450,
2125984,
4898601,
1149695,
719433,
2253646,
3898157,
2429627,
4327199,
6478769,
3418189,
9165015,
3035125,
5931584,
8887710,
6568254,
6911858,
1208095,
1663843,
9291962,
2928350,
126793,
3781952,
8681885,
7049441,
9962891,
5321986,
2165857,
8947610,
7677857,
9224658,
6533897,
6589509,
1183470,
3147054,
1229748,
1295597,
1388650,
7390519,
4326868,
6910252,
8673776,
2064631,
2602183,
9444371,
8521176,
5469317,
8048557,
5964536,
9301973,
9183156,
6282264,
3602506,
678475,
3539145,
7604391,
1345836,
3727731,
50152,
8965417,
8745060,
3725929,
4914609,
4759881,
6835010,
3554703,
9988862,
6243321,
7417379,
9899504,
4555930,
3416413,
7388852,
5806604,
2851323,
9461419,
5023628,
1749290,
8624911,
6243857,
5031344,
3125340,
9023696,
7479,
8810998,
5066804,
5773679,
9193418,
5608554,
5589610,
2019913,
1304599,
9260548,
5444524,
8252160,
2914180,
3868137,
7552445,
499462,
6282142,
95579,
616031,
8420217,
7596760,
1824335,
396092,
45355,
5597992,
618502,
8225239,
3750386,
5267548,
2869454,
9602691,
6538128,
9385604,
1587157,
6173156,
907148,
1056920,
1592733,
2039213,
461872,
2799265,
3341467,
190564,
6988686,
2464905,
6767544,
6855024,
8978181,
3131013,
2391423,
785119,
3517047,
3147718,
2467873,
890604,
104024,
3772648,
177286,
9211262,
6262649,
5248610,
9774998,
6995771,
829385,
7796276,
5212985,
9611407,
1489096,
1796460,
9035335,
1155927,
8510704,
1426819,
7323630,
1976811,
6704194,
8195557,
130344,
1824685,
2375993,
5179921,
188070,
8076597,
1503153,
9330012,
5719472,
2361393,
9477569,
7938717,
5897440,
3370,
1589867,
6306220,
9917063,
4971921,
6928399,
6742866,
2740660,
8483804,
6562255,
4356829,
2364151,
2051207,
9757900,
2563303,
4927766,
5602734,
9547561,
929644,
5156084,
8325955,
1223228,
9836151,
462079,
4089093,
4273573,
484901,
7586946,
4695958,
9911912,
5029235,
872080,
2812202,
2661690,
24363,
1171663,
2172445,
5471844,
7014597,
4014000,
5636814,
3527782,
6875651,
4906765,
1811937,
2304492,
9520514,
8655996,
8285370,
476774,
7755274,
8230741,
4044007,
8057326,
3436397,
7054902,
5355882,
4576887,
5633773,
6644905,
8291402,
1251380,
4244040,
9236454,
7143898,
4899491,
8426432,
2455726,
1280966,
9879858,
7348655,
189961,
3416990,
7510483,
1032992,
599557,
9943779,
313788,
1583116,
8688321,
8790176,
999151,
9749785,
7010699,
2303006,
3350567,
8658859,
3944370,
1850757,
4130445,
5577772,
4493738,
7247796,
1741447,
3836889,
3814439,
7680952,
8706601,
449855,
8561084,
1591787,
1033791,
592292,
5760114,
926826,
8224059,
7900966,
3196673,
314551,
3064110,
9545733,
9279106,
4061892,
411591,
7204339,
4006734,
3384481,
8937793,
9435368,
6016168,
2993882,
9235602,
7497392,
3718599,
61532,
5831469,
5402564,
1265009,
9663068,
9458542,
5920681,
2488458,
9078252,
9453919,
7364936,
8072135,
8780620,
4336336,
1293355,
2979019,
597562,
1501531,
8750084,
2653565,
3355402,
4540797,
2348537,
7667997,
3345679,
8944163,
3363486,
7335329,
1157654,
3892961,
7052096,
3348388,
7818683,
9477415,
5663985,
4728733,
1768024,
4993261,
7028213,
5281430,
3961102,
4977206,
7220312,
4351285,
1360338,
5334495,
8615202,
963239,
9214988,
2292605,
9622067,
404242,
9866588,
1983518,
9575025,
966009,
337925,
8212868,
1618617,
6917713,
2672561,
417596,
7979921,
1814742,
9888372,
2944609,
5759315,
3974256,
6492524,
601362,
7299601,
3360444,
5776835,
3935014,
7308534,
6221892,
6571455,
890313,
9212440,
610705,
9781235,
9377097,
5708888,
2387498,
9863202,
7846774,
3164113,
7478625,
8424980,
8232879,
6366116,
2001494,
6333044,
7554289,
9197089,
7411010,
7116120,
1110449,
8029071,
3044780,
8033071,
1516344,
8074458,
3356776,
5946067,
3830851,
8538227,
1728847,
3098838,
7725391,
221487,
7036494,
3046285,
3020733,
9216153,
3119999,
9315708,
4988104,
2508371,
4974042,
8901405,
566674,
5673404,
8818640,
9403353,
6092775,
9397615,
6251250,
2517211,
1267156,
303239,
5404550,
7666815,
2904837,
2479469,
4446529,
7841890,
5518099,
9238630,
4859071,
5162588,
3976399,
9918853,
3718384,
6339057,
6367912,
4044997,
5675192,
8028154,
2755786,
4837247,
6494765,
9110915,
7777973,
5922068,
866409,
1123411,
1982963,
9152919,
7729198,
9470045,
8424502,
7688367,
6585339,
6632415,
7356830,
6902997,
8184611,
4358233,
2877755,
6321710,
2563018,
4773908,
1060297,
8570769,
6705822,
510781,
9494461,
6329175,
3079798,
1269027,
3229080,
5441676,
8941601,
8764740,
1859479,
1719980,
4678813,
3714662,
6950174,
511433,
7477265,
7409511,
8112549,
1854700,
4332934,
6510898,
9875913,
9969699,
5838724,
2978218,
9996154,
3944266,
9276143,
1490960,
3039576,
6782773,
6328925,
4378337,
960359,
2472182,
7210287,
8902109,
4958460,
5398686,
9157640,
3759988,
160602,
3313396,
3098125,
885949,
6610380,
4098206,
7825516,
5020332,
6684376,
7823262,
6253615,
7106523,
369507,
9015128,
3223342,
8342523,
5842719,
9670041,
8940399,
9674721,
3487496,
1349334,
6407453,
6667631,
6862468,
4684360,
5189375,
2017349,
4205851,
6796010,
7512239,
7497994,
8815201,
1499075,
6046346,
3839354,
6085434,
3714528,
5760655,
930433,
9118816,
8252987,
4960648,
1827635,
3639093,
4060349,
3033701,
2317743,
6447681,
8131837,
4525713,
3244853,
9853313,
8603453,
959800,
5456947,
7387280,
4020006,
3282496,
7061703,
3684858,
5456693,
8985009,
9702697,
3669319,
36382,
8796699,
4776073,
3118307,
8437521,
8385008,
1904292,
4323199,
5227816,
720759,
567524,
6870459,
9286539,
4679782,
1564739,
4579822,
2193614,
5051473,
7935546,
5327520,
5266284,
8411971,
5120305,
863640,
914485,
8294289,
7470012,
8801004,
1163704,
1749799,
2738982,
8708907,
5559401,
7745113,
7902265,
8688317,
2219765,
5875511,
8536311,
7936070,
9543809,
1600626,
85290,
4623927,
2009611,
1620295,
2607012,
6924203,
1612605,
108015,
1051394,
8207074,
6796728,
3306578,
770825,
5315482,
3221331,
6465093,
2795851,
1391967,
5384542,
3258673,
5431047,
1987576,
4989045,
3681701,
7934918,
5126374,
988891,
1942691,
8444170,
2629939,
7496260,
1113361,
1886697,
1324584,
9154806,
6196662,
4399051,
8759907,
9201423,
1878102,
8723240,
8760638,
3241056,
5511810,
204080,
7514570,
1749369,
9867415,
5342386,
967806,
6495852,
3825907,
4380766,
9054310,
445161,
2562249,
6107702,
1730202,
7247204,
1789651,
6962181,
5914003,
5166797,
3364994,
7605034,
1252522,
1231321,
1967005,
8394698,
6137767,
4490180,
4658415,
664050,
3593811,
2582509,
6930430,
3341464,
9533226,
3299812,
302431,
4293244,
3451204,
2508027,
7711964,
2786038,
3881222,
1658640,
3779699,
3676835,
7879579,
2171290,
7571056,
5334653,
5436894,
210498,
5700959,
1881979,
6033072,
3806897,
3540124,
6115507,
5558099,
4888580,
1881033,
2424757,
7514361,
1590912,
5708753,
9173543,
2797069,
1203381,
696451,
7343364,
7417697,
1289819,
1707484,
6759157,
7291269,
5883531,
5935636,
2926937,
3651578,
5211614,
1352119,
6409253,
1789399,
1142998,
8852575,
2748447,
9627036,
6482450,
3909491,
4219100,
1148442,
4348040,
634915,
5150132,
2897468,
4172282,
7945629,
203425,
9637739,
3357403,
3997423,
9829860,
7835913,
8292951,
1217260,
9145167,
2886003,
5309149,
111773,
5676891,
7935787,
1192147,
5567576,
7830360,
8807202,
4127601,
4583537,
9505460,
820927,
9366665,
9287224,
7067528,
9341286,
9523797,
3687391,
2834640,
6550943,
7218438,
6901434,
4390100,
2345650,
7762931,
9571407,
1362878,
7307802,
1776728,
3844233,
840221,
473292,
1972179,
641425,
9285706,
4049558,
4909960,
980684,
2732429,
1373622,
7262384,
836390,
8105007,
3217189,
7050614,
1438081,
6795635,
1051819,
3437017,
9005642,
7078294,
4080480,
3956612,
9707047,
4591825,
9722703,
5561850,
7099060,
9956453,
4808872,
5532637,
473472,
9609935,
6995062,
168793,
3381007,
158375,
2853229,
3234844,
2142193,
7933347,
722335,
2367314,
4379021,
4030893,
2724449,
82361,
7513431,
879411,
1355638,
6636900,
6778187,
9342526,
1754876,
4799052,
1572841,
5509461,
1135042,
1573982,
7972122,
3659382,
1928423,
9108968,
3856151,
6407763,
4955032,
6366751,
1481513,
4751723,
3365367,
4708911,
349341,
9627796,
7240121,
4271348,
951145,
2679606,
2547743,
3941568,
7385258,
7204350,
6666509,
5862800,
3936363,
706035,
5871274,
5692641,
7497658,
8129847,
8065763,
2334199,
4189899,
9686061,
6609781,
5535418,
4693548,
9193338,
8346442,
6617521,
8659995,
8080286,
877999,
6646212,
4104827,
6580609,
769596,
7599551,
2910781,
7241176,
5678747,
5514115,
8480127,
6633820,
9414087,
206322,
6175812,
9120648,
9620394,
3968497,
1477808,
1669152,
3167679,
1629535,
4755748,
1047367,
4390537,
6547697,
5221018,
4250847,
6079794,
1468381,
9971058,
9722158,
2571846,
9732339,
7075808,
820131,
8411936,
1060202,
4380746,
4080033,
4886020,
7066701,
8113178,
3077413,
221654,
4773439,
7477969,
4167190,
7451768,
1691589,
3216035,
3016234,
6816023,
3536289,
9573562,
681499,
7142772,
5312145,
291981,
5007374,
2910582,
8374523,
78339,
7324852,
631560,
124041,
3552874,
5831574,
9829626,
9231899,
3895132,
5615868,
205232,
7721456,
3322108,
1059304,
7583847,
1846601,
7131539,
9311328,
6938975,
6510341,
2330520,
3676006,
1161209,
2957141,
844258,
3084849,
9313302,
6650334,
5961904,
8351277,
7867027,
1611180,
9025980,
7611158,
2860954,
9048819,
1409036,
2250390,
49187,
1850680,
4545794,
704488,
3929398,
2430549,
8201152,
786616,
5044407,
9546840,
4253988,
1659445,
8144872,
6251,
63852,
4212789,
1681547,
3658256,
1962249,
3442859,
1663907,
4763682,
5572294,
8450536,
177817,
9685715,
5510139,
4885010,
798242,
9904560,
2558706,
1055611,
9763903,
597117,
1628834,
2518681,
3099117,
8450798,
8735078,
717776,
5873899,
7995887,
9813022,
9214483,
486836,
3543484,
8492016,
6193673,
6235988,
3806397,
3911943,
4260878,
2511560,
8458061,
3334669,
8071114,
2699830,
249749,
7650448,
7037333,
5331266,
2859127,
916692,
4263223,
3136576,
3383437,
7791082,
3929073,
9492802,
9318281,
5133159,
7630874,
5247453,
2978274,
6148078,
5631822,
7101986,
1618500,
7233382,
1631879,
1616857,
9006031,
9164220,
9495020,
6468672,
3868408,
5414553,
7395320,
2845880,
2511252,
1261513,
9051916,
9812737,
6949967,
7857169,
3119520,
3102237,
6140628,
5676589,
384985,
7116920,
6322946,
1663164,
4192027,
9922497,
7103441,
3991800,
2475122,
6712433,
2709648,
7657683,
9930110,
7602582,
2836446,
3072917,
6183033,
683323,
4683329,
8515457,
340165,
1012445,
7146667,
5624391,
4011262,
675472,
9683737,
5172675,
3794463,
4170896,
2105548,
8073100,
295297,
7196218,
7483212,
3985338,
4023731,
5416494,
8467858,
6991529,
8972190,
2990501,
7626786,
4595004,
2323929,
8510436,
4888845,
2771312,
3575142,
8579487,
9869715,
5962862,
8375719,
6507402,
3713016,
6758078,
1602449,
5547612,
4135899,
5533086,
575042,
2730272,
8608033,
5558547,
2909302,
663965,
4020593,
3986395,
4273224,
684672,
6817125,
3730789,
9270843,
1423969,
5360885,
5544761,
3825091,
2249269,
6303474,
3568610,
9764923,
1097286,
8897350,
1288205,
1843482,
977766,
5560003,
8190994,
4122990,
8867877,
3550334,
444608,
6558631,
4848524,
1358011,
1647531,
3697572,
8152180,
4334293,
2113493,
5680849,
297758,
7208080,
7250762,
7194761,
3681300,
6433638,
7384691,
2664929,
6872232,
2806719,
2846427,
5820157,
5433199,
4463515,
9312860,
8774725,
9337413,
2242130,
9232463,
9986697,
5000790,
3438951,
5708754,
1846353,
1576990,
6232602,
5437800,
7232811,
7481874,
5475824,
7208220,
148407,
4119718,
1170916,
2071789,
8499345,
9476881,
3747074,
579837,
7237694,
4629532,
5248217,
1455272,
7413688,
1280322,
2717604,
4732132,
1208871,
8194831,
9430801,
744203,
4729533,
8851907,
1181298,
4381338,
9236432,
1752919,
8563240,
1756749,
7570718,
8653278,
2123614,
3840588,
5807518,
4485490,
5371280,
8714832,
627587,
5936256,
933162,
891523,
543930,
3521146,
7637971,
2611036,
3954286,
4568582,
985729,
8199228,
9011831,
1780840,
6326443,
8411800,
9515475,
3983065,
3124168,
7231448,
7417564,
2302206,
9922773,
8807884,
6130847,
6336080,
3057612,
7143000,
9587985,
878713,
7772394,
5722982,
9965912,
4461356,
8203421,
8586348,
2133816,
6349569,
2683455,
8291472,
5217498,
8704984,
2995331,
9909250,
1194387,
5376331,
570598,
3516213,
7142373,
8227601,
9181212,
700441,
1662263,
6042125,
2412578,
3317327,
7077461,
9859657,
5133904,
5144254,
7286150,
2109464,
1297158,
9182924,
6600061,
5095736,
5698536,
5145172,
7550541,
7272541,
4826720,
3132683,
5476522,
3313840,
1599793,
683182,
4730528,
6240003,
658045,
1205232,
5547811,
6805598,
4932548,
2360917,
2020227,
6984069,
449662,
3180282,
200400,
703315,
4759320,
8603509,
1133251,
5991996,
4990254,
9746434,
6570926,
8389812,
4337959,
7472089,
5273658,
5855786,
781513,
5825601,
5133053,
477005,
9003040,
551861,
875831,
2036098,
5848904,
6264982,
8814960,
2939114,
1224367,
3875714,
9011699,
3136276,
53782,
7607531,
1295931,
7486513,
6866037,
8344284,
4863783,
6522470,
2680269,
7151856,
1630427,
4766095,
4169523,
9603419,
1162440,
8625742,
7570375,
8012478,
9848146,
8474105,
4484161,
4839976,
8985802,
6762126,
3580751,
6391401,
5678449,
5967414,
1268543,
1456885,
6820825,
6806568,
5634545,
4771916,
47614,
8459113,
1386201,
88434,
6283861,
8556688,
9141791,
2245591,
6497359,
1384419,
219049,
1916698,
399240,
8122299,
8061761,
683367,
7173082,
3022790,
9622003,
7750046,
7834253,
4176614,
4380720,
2961724,
5530213,
6962215,
5242247,
3824683,
3989010,
2405086,
4278530,
6954821,
5407158,
1491599,
7226522,
6790133,
7339575,
9987828,
3757532,
6503575,
3613263,
6507181,
5839956,
7839644,
6932856,
9451532,
4007144,
8072602,
680218,
6018941,
1019800,
3446405,
4431646,
8726825,
4277617,
9305965,
1925357,
1842907,
2387553,
7666550,
1608282,
1747021,
7536379,
3192659,
8475285,
1565318,
3742897,
8469870,
1685354,
1424180,
1680419,
9052776,
5398275,
1364578,
3562875,
8059164,
421889,
4338436,
6578120,
9055295,
1593848,
1776930,
529760,
4639184,
343458,
3976509,
4714027,
6478408,
3588015,
1991796,
611047,
596100,
9014646,
6855353,
709926,
9423351,
2882587,
5762716,
9715008,
9548420,
9752313,
3366876,
2495721,
1192666,
4006994,
9519832,
3445250,
2230324,
678092,
2679656,
4403529,
6043806,
7921070,
769836,
2977690,
8668299,
5508544,
8533619,
9958427,
6529084,
2917212,
2369334,
3583434,
1612094,
6981454,
263585,
9639287,
6132822,
2670376,
5757572,
9820940,
3680836,
1316636,
887631,
6383148,
8416704,
8584333,
3734438,
8920953,
8185332,
9609742,
1596230,
9106552,
1384236,
1082640,
869691,
1387606,
1087437,
9557491,
9478060,
2017293,
3275262,
1992721,
7129357,
5339155,
9057438,
8412749,
2818467,
4989990,
3501472,
7671559,
7805226,
8611785,
6090428,
5567907,
5806472,
7778967,
9933835,
21389,
333382,
149896,
8642536,
665000,
1986315,
8341830,
1252908,
43827,
6087708,
9706328,
6748029,
630985,
3289419,
3047204,
572927,
6080917,
2734319,
2375992,
6078163,
6536638,
8982746,
4040065,
4050667,
6391491,
232824,
1986255,
3402754,
8677491,
6369475,
6538107,
5689963,
3211287,
1070387,
4867627,
5415394,
5775255,
2577928,
6332567,
7052852,
2945279,
2814519,
3028110,
8383252,
1698156,
4274694,
5266963,
8088267,
4640650,
8570521,
3254672,
3582403,
598644,
9637893,
9967165,
2789224,
6388829,
8429539,
6165283,
979600,
8866886,
4426501,
6596266,
889435,
6805054,
2493146,
6734958,
1121465,
9798500,
1481674,
1907643,
4310295,
6233882,
3560406,
5319228,
2692002,
4374953,
496037,
8369696,
4569165,
9829088,
5063355,
5698485,
699387,
9055065,
2386836,
8635676,
4859893,
2156399,
7336823,
4166648,
7752963,
8976079,
108924,
2132028,
8016527,
467476,
2808554,
1187563,
8391390,
2462688,
5243485,
4038720,
9071133,
1293618,
8195537,
4642604,
3922875,
242496,
7198479,
4434971,
8616666,
2507593,
9292524,
1192892,
2738420,
266343,
9356691,
2883818,
685846,
502052,
1438624,
9779568,
8559042,
6531910,
4007368,
1228966,
6356936,
9632945,
6247940,
8785585,
6577887,
7809077,
5397355,
4877356,
1797428,
8576418,
2690205,
5882411,
4958162,
9665433,
7737678,
340896,
6956481,
5747563,
8107296,
7085125,
6647867,
690405,
2501510,
4310759,
8617149,
3429520,
2251628,
9039322,
3972217,
1316430,
6849450,
7037751,
9019251,
7761338,
4932309,
6063256,
5964717,
1135615,
2518070,
292113,
8763881,
9233036,
5355051,
968683,
5897827,
8110308,
2007639,
7676232,
210457,
5836306,
8741720,
6183814,
3974141,
576044,
6404999,
2563729,
5077267,
8519285,
3315496,
9201851,
7639029,
435259,
6677502,
6438272,
7456450,
6093858,
8237567,
3878498,
9475685,
3440272,
7773942,
7905658,
954332,
4243895,
581312,
6601919,
143495,
9963910,
2368452,
152517,
6168065,
782893,
6929869,
3858577,
1320683,
7156259,
8583265,
2125121,
2209528,
6809430,
2683095,
5218370,
1112180,
885948,
3526312,
6201729,
3487374,
908905,
9659764,
3262532,
1883618,
3364421,
1979555,
2631890,
458223,
1049950,
81042,
9477703,
7982427,
9851640,
7074035,
8516147,
557892,
6324013,
2521077,
2639642,
8306946,
5341633,
7287543,
6599605,
3023617,
8176499,
2910731,
3709979,
6184494,
9626335,
1600855,
6652755,
8818216,
8277928,
1180324,
8769494,
6519343,
6636186,
2148481,
9713030,
4367103,
7683549,
1627358,
9011306,
7671519,
1455868,
1199861,
2960515,
5319110,
9429845,
2595163,
4317452,
3027387,
5913672,
6806932,
501240,
4042062,
4216362,
8548387,
4442271,
4722928,
1142913,
8954029,
2831520,
2064011,
6321294,
5131274,
9326039,
9480685,
3013805,
5546028,
5256747,
6171099,
4399297,
5294667,
7562294,
4021277,
3834287,
5070687,
3038097,
4372981,
9309906,
2077678,
9542276,
5010440,
1218183,
271134,
8540573,
5446714,
8625064,
1129957,
9299939,
6002534,
2519173,
4664397,
3155839,
3270107,
4964138,
3560493,
6580952,
1341442,
728988,
1241972,
4273253,
4655408,
2804904,
7198905,
8159142,
4479799,
5238284,
188304,
5072576,
6894319,
5918915,
1855132,
4923820,
5677510,
8358619,
9953175,
2411765,
8725233,
5079701,
1663473,
8761393,
1540457,
6003978,
3513903,
5583288,
5933662,
3192226,
5096931,
754756,
6360367,
8430274,
9163283,
6212422,
296776,
2492053,
737769,
9723843,
2716769,
4431290,
2659255,
7070946,
8082993,
5962647,
4390226,
7630827,
6301951,
9889451,
5072163,
5079681,
1817574,
2619259,
621352,
5873360,
7429908,
9079918,
8165625,
1273307,
6525124,
3807812,
9315853,
3989323,
9190162,
4626402,
6646877,
8000897,
9159982,
5167257,
5330947,
9796512,
9707429,
9507142,
4122580,
1135623,
7435400,
6403804,
6837097,
7490700,
3468056,
2009517,
7095995,
2567017,
1762467,
8525489,
5430619,
7725498,
4174166,
2031672,
8841499,
5749310,
1509714,
5685503,
8604070,
1197486,
9086457,
4629651,
2492330,
4579201,
4294333,
6282718,
2660364,
4760004,
2316581,
4208444,
177547,
3376547,
4515954,
5467862,
1656540,
6589100,
2030036,
255385,
2544115,
3241396,
4843905,
8703762,
5463151,
4425008,
4020542,
3014355,
500059,
7560799,
1868907,
3528115,
7525174,
8412638,
1616793,
4999218,
8514623,
6938837,
4630131,
4167189,
410404,
7564514,
9382547,
1744923,
6311384,
1323305,
2228570,
1148938,
4731249,
6369564,
5571006,
2694714,
3290228,
4602487,
4237630,
5563926,
4525902,
5571235,
5794376,
621895,
7514161,
4445470,
5121926,
5122530,
9684770,
8638358,
7869604,
5484566,
8596879,
7659412,
1375174,
6656828,
3508149,
2952196,
5301180,
6111790,
1327021,
8837228,
7588144,
7215645,
981052,
2233107,
4361974,
619613,
4365052,
7569107,
5157611,
3401166,
851145,
4230289,
7233019,
3955380,
5848735,
6991319,
4847219,
6095557,
2095716,
5198007,
1163213,
8468786,
5243093,
3945737,
1911228,
5226062,
2863620,
181763,
1109828,
908103,
8270810,
8523510,
9992047,
6716957,
7478140,
5637835,
820817,
6739998,
9259040,
8266336,
7502536,
1276864,
4586699,
8409642,
4819817,
191423,
2738504,
9798758,
7703946,
2169797,
7043347,
2584338,
1254804,
5911961,
3630861,
8164935,
1190519,
6618444,
1610000,
3253101,
3071325,
5655119,
2860281,
1643310,
6991602,
2988063,
4062312,
3698558,
2471273,
876955,
2725125,
7312624,
6002290,
3399459,
2786173,
32750,
1118093,
9650517,
3865721,
142725,
7953463,
8919490,
1450727,
4809111,
6049409,
3794519,
3164128,
5883559,
632215,
1977517,
8843874,
8631881,
8757980,
9614660,
9411849,
5525860,
7563566,
8156223,
1456194,
6286390,
2401920,
3156094,
1081442,
6606899,
7864443,
7005307,
1899190,
1413649,
9605131,
8365404,
8037911,
4134779,
9480803,
9026390,
3743861,
1252705,
808902,
4060593,
6525908,
1404692,
4518908,
3477662,
865470,
474168,
635558,
3107471,
4268578,
8480586,
2881623,
9146642,
6880486,
628369,
7225163,
4700914,
14070,
3615679,
7920733,
7739540,
7761630,
9231575,
7006171,
8149420,
9365599,
385231,
5316169,
7035611,
8216949,
13716,
4860967,
4061387,
6231030,
805062,
3893104,
8454972,
9918875,
3351019,
7147257,
6331573,
6727889,
2209208,
4587861,
1188314,
7169193,
3407056,
2536222,
5826161,
9879766,
3160179,
1273553,
2536924,
3085861,
6005572,
3128378,
4164865,
6940045,
1165237,
4656407,
1611492,
6897610,
8758574,
5808098,
3498528,
8678866,
2472149,
7953701,
1038105,
432293,
2473108,
1297710,
5680634,
7469312,
1717846,
564259,
8819885,
9384857,
360156,
5872104,
1731184,
8508704,
6703422,
3442428,
2716,
2450969,
9069093,
8194833,
9991357,
2010980,
1068915,
7386499,
5293455,
8912118,
3071157,
1236574,
8867426,
5706066,
5141297,
2952479,
1279134,
2758256,
1415329,
6736947,
7562317,
4482214,
2729140,
8204172,
4395522,
8933794,
3380114,
7170605,
5693297,
1507196,
9137349,
8010510,
8293528,
4792999,
7044620,
7678523,
194201,
2664337,
3175450,
6101046,
1751869,
7350638,
2302387,
7925442,
5400643,
3639292,
3432821,
8590577,
1784425,
4413878,
7341400,
1344401,
9716647,
6493530,
6594350,
5183818,
4090758,
5181325,
5113737,
6729279,
9761139,
60437,
3069928,
1771055,
498192,
3395189,
3818268,
4636317,
392731,
5999990,
2711210,
5625750,
543903,
3632459,
2919852,
8555512,
6511235,
9847955,
889117,
1914991,
1845481,
8821077,
3728483,
8312875,
34368,
3895507,
2705476,
7733752,
1408363,
4567015,
1061797,
664432,
2948035,
6235235,
612258,
7373907,
7518598,
3378199,
14393,
9542952,
4828683,
7809488,
8211844,
38898,
9369386,
9371226,
9357408,
5918333,
736128,
6796950,
511770,
8715036,
9069807,
1546818,
591786,
4732539,
2875298,
7173426,
8407351,
6410366,
8184193,
1219904,
9178635,
3870097,
6925346,
5782753,
2665688,
3471989,
8450580,
6690348,
1970203,
7625023,
1434556,
9753785,
184409,
7192846,
3826677,
5740185,
2364796,
4625174,
6179467,
3599385,
2798666,
2418859,
8511775,
4043335,
2209171,
7674906,
2886697,
2833349,
6409770,
9367357,
3093065,
5073741,
6971787,
477032,
9215843,
8441231,
5708919,
2367778,
8464759,
4597854,
8210372,
3694962,
4401958,
4040979,
7269455,
735514,
4668505,
337401,
4857236,
316020,
2455983,
5069317,
1281101,
489896,
9303469,
4888379,
2345770,
7776821,
6321620,
6829841,
9699582,
3127226,
7654595,
7482222,
6101573,
1811691,
3887056,
5738731,
6085117,
5159798,
4187405,
7675058,
3421644,
4485019,
4249981,
5604041,
9903160,
9631848,
2557845,
1551005,
5265056,
6368544,
134345,
8274493,
5560886,
8323373,
8785560,
8525446,
6978590,
324445,
9857278,
5493716,
3952811,
852751,
9739076,
4334224,
4480723,
1855217,
9744631,
6295863,
1789022,
4389101,
6581298,
3294667,
9927439,
8481257,
5393546,
1778557,
1479424,
5185332,
323771,
424424,
8383288,
8107102,
7680521,
6589077,
1847466,
642791,
4138155,
1504012,
4521125,
3837232,
6913399,
3959764,
7446758,
8118476,
4573332,
6669031,
5873976,
202422,
6025703,
8628528,
1754053,
4185749,
1326589,
617983,
6662474,
3257531,
1211775,
9480453,
7011977,
5559446,
2717315,
21616,
3721284,
4511711,
5901146,
1246387,
995016,
396396,
1511660,
6219763,
3547960,
6151928,
1470586,
2094487,
8472117,
6182201,
3246568,
8791580,
6997693,
2520772,
5592240,
1450647,
2639424,
7915300,
6701653,
3085139,
5647360,
309466,
6616339,
9883741,
9296500,
7799171,
3667328,
2292303,
1352317,
7427033,
9886867,
391627,
4039562,
5153677,
2657638,
2154841,
8019385,
8006542,
9388670,
7923831,
245081,
2756456,
8716241,
3887692,
2119471,
8509373,
5624413,
1476893,
3117249,
3325297,
8963958,
8405336,
5963219,
7388450,
8119829,
598245,
2572725,
7352461,
1036338,
2437207,
5263201,
8271363,
8455715,
5634626,
5236086,
1001851,
9059673,
4618063,
6010,
4124338,
7225087,
8560930,
3319445,
279989,
9313918,
7139297,
5157740,
7357957,
5813950,
8725430,
5659653,
5191744,
5230919,
6047077,
5226290,
8335618,
1404107,
5347330,
3686545,
5091733,
8876410,
773285,
4203895,
2245614,
1096457,
6102570,
2595635,
3942334,
3564225,
985171,
9913353,
1797814,
8553217,
8633827,
5498729,
1689254,
9751130,
6339683,
9281386,
705861,
4057497,
9320649,
5825883,
5465596,
3860753,
2228396,
8562540,
415832,
6388663,
1145655,
752130,
1835349,
7185008,
2098960,
37112,
42293,
2411956,
9992734,
5922428,
8787238,
9511486,
4439052,
4206483,
6972689,
7780755,
6213219,
9248278,
3689894,
9625233,
8723,
4009354,
3101011,
9649976,
5795899,
9049411,
919244,
2333347,
2407095,
5082275,
9151664,
9798987,
2976887,
9314024,
369101,
9160847,
2559359,
3587928,
7054495,
4062535,
3625223,
2350973,
5555853,
7366251,
5209985,
634595,
7831892,
1468071,
6240184,
6607373,
7528221,
9425270,
3008104,
9810255,
9958916,
3977950,
4896218,
4925054,
8292992,
2631111,
1270983,
1854744,
657392,
5234917,
5971450,
6009274,
4967694,
5959763,
4011546,
7993393,
84887,
4209332,
7995696,
9383166,
3371127,
8848762,
9315866,
955642,
5879538,
7146559,
1453921,
1601342,
7262708,
4037831,
9656572,
201983,
3021645,
8712971,
2881074,
8996070,
6941555,
4119841,
228105,
5382750,
1472967,
739001,
5084251,
9729515,
8416235,
8950561,
5889755,
9552143,
1554683,
4457661,
2828111,
5425412,
1856152,
8565583,
4802448,
1160936,
4524917,
9637010,
819480,
153664,
5535467,
3752904,
4345164,
1351313,
3316806,
1504956,
8327094,
2041282,
8980527,
3929578,
2396977,
577269,
5898011,
3864857,
2272419,
283103,
6531714,
9470882,
4570628,
6074003,
1212637,
4300372,
8127452,
7825722,
30652,
3140446,
5483571,
9199758,
5166477,
4867965,
5455499,
7498085,
6843732,
2769748,
9652431,
9173521,
1616545,
9175525,
2430807,
6862171,
6932880,
4835463,
5096824,
7232040,
825799,
4245534,
1173035,
4557203,
184487,
6083063,
238446,
2729602,
5344026,
3061207,
3232469,
8410833,
2707461,
7845117,
2181400,
203974,
775812,
1194070,
2061940,
3090731,
8311351,
5202739,
1959692,
3931992,
6396516,
8411383,
6811365,
2570004,
8875436,
638605,
9837810,
3998198,
8077234,
3661870,
9280870,
179917,
4819759,
9329989,
1250362,
5399975,
3479634,
9338162,
3368407,
6523312,
4389017,
730260,
1466658,
9212625,
6981637,
8214440,
3847817,
3022201,
7960266,
8587239,
4566248,
2337822,
9294874,
3957664,
8813289,
6372925,
1085365,
9046928,
9811277,
9858860,
4234847,
3610852,
7626120,
6682378,
7479079,
3990961,
6001640,
1526185,
2604733,
7946851,
3699742,
9558665,
663836,
4256281,
1898860,
1396566,
653789,
3091025,
8958938,
9929692,
481998,
4885452,
8304632,
7149433,
8071259,
4311292,
4309199,
2863082,
8186650,
2056047,
4879972,
3103756,
7976766,
373972,
7952137,
4160874,
1321811,
8837548,
2290890,
8458918,
8868070,
4363855,
882921,
1002451,
7103000,
4424207,
7766547,
9783044,
5987189,
4366953,
6405635,
409107,
509126,
8992279,
9655836,
4272184,
7065775,
4914348,
8002545,
803719,
796596,
3830109,
4068290,
7803816,
4910713,
7585590,
7393166,
9438942,
7646625,
3889454,
4185294,
9308105,
6790855,
6670089,
2119086,
5967381,
5656647,
7406529,
327527,
480337,
8085847,
3284906,
9490497,
9927149,
3386780,
4741187,
6364546,
7357975,
5157977,
8847421,
1230351,
7416297,
672292,
6082666,
5552500,
7785801,
9907977,
6301297,
652077,
9729492,
5412982,
5170368,
6385850,
6292522,
5975739,
4994160,
1706818,
4230444,
8550445,
3678074,
6549093,
5402335,
4046838,
2605467,
6736110,
5233457,
3444125,
8410058,
554379,
9904862,
1225859,
5022976,
7265935,
167604,
3357109,
957531,
4150990,
8106899,
6937411,
2566265,
9678098,
3796907,
8262615,
6963833,
6092602,
1589403,
5315800,
8455724,
5094865,
770000,
9682087,
9646850,
5348277,
2493174,
1544281,
2925489,
312787,
4272687,
9765834,
9727056,
9343111,
4856663,
7104832,
3878703,
4121660,
6056853,
8327178,
1409631,
6314488,
4029339,
6399402,
2483611,
844563,
619152,
9041018,
1569099,
2369873,
5684050,
4703532,
9608850,
434881,
3802898,
3517768,
6784924,
1332073,
3451829,
4913330,
6496446,
1966299,
3596641,
9463589,
376485,
2957922,
1702565,
8046715,
570885,
4851653,
8402806,
6637881,
9085874,
2616311,
7494995,
9959866,
4782758,
9626620,
5549888,
1818925,
6556983,
3011500,
3219443,
4239822,
6385374,
7634154,
321586,
1488669,
8259263,
6037669,
8956729,
8734161,
8542799,
6445619,
3276368,
8447551,
4642,
350620,
1076739,
678717,
5667752,
5354550,
1130875,
6070325,
9706009,
7742584,
1100008,
2884234,
887795,
2778996,
3980582,
1413797,
9525734,
8906073,
6345844,
942943,
1538262,
4908352,
9131212,
5887448,
3062605,
6672692,
1390374,
8915948,
6080353,
2430651,
9314277,
9697852,
9725683,
2312881,
6857946,
8462412,
3342845,
9676226,
560226,
3777836,
5943479,
7982489,
9569376,
3871422,
2485831,
8013704,
2502613,
411307,
356885,
5902165,
5570417,
2957529,
9584964,
2834241,
1386750,
1264721,
7644313,
2355436,
5063924,
1280857,
4234615,
959962,
3556246,
9036079,
3127487,
2091481,
5769149,
4652743,
7068370,
2812532,
4690902,
6432437,
7806282,
6218490,
8731586,
2387832,
6595359,
1177800,
7569378,
3686825,
971112,
4173565,
8106824,
1263566,
1250788,
5902433,
8630085,
3325541,
5041239,
7855091,
3941833,
7648016,
59153,
1358518,
1103725,
8396753,
4777500,
3503533,
4477119,
2756990,
2808565,
1012023,
9990924,
7871339,
517837,
4416568,
1993207,
3501328,
8134616,
931098,
1658416,
426900,
2584104,
5084515,
3724848,
8885374,
5412237,
1570117,
8327148,
5325892,
1508580,
4831990,
6866438,
9417518,
3853958,
4665422,
5225853,
6598821,
6228610,
6551720,
4192045,
4493757,
9713047,
9578698,
5683404,
4243418,
9897830,
3616460,
4313499,
215220,
9989938,
923919,
6933493,
3650744,
462410,
5554947,
8099987,
7600595,
8540387,
6813788,
6905008,
1969167,
650735,
577834,
282584,
8654392,
7983803,
4561646,
9771566,
7617135,
9524995,
539528,
2767146,
5251963,
8310188,
8174738,
5533645,
6655703,
1421889,
3679037,
3302250,
584125,
9474817,
6406739,
7231721,
6179305,
9925709,
3663081,
2149170,
1644241,
2181989,
288988,
802653,
5052170,
4255926,
8462218,
6672589,
3196602,
5797762,
9081706,
6353939,
8207993,
4686480,
4298276,
7049822,
6200459,
3623232,
7136265,
1319863,
9708441,
6990801,
78304,
8638579,
8944790,
6748320,
2600736,
418828,
7370649,
9323812,
7949905,
1942328,
4714080,
3348039,
1939771,
1114018,
5408276,
641413,
1229017,
118974,
2441767,
121682,
5401128,
1910352,
5821950,
6243374,
6223540,
8993826,
1249799,
210912,
8702294,
7198682,
8187552,
3525601,
1976311,
2037769,
7272735,
9432655,
3710636,
9858173,
4990746,
8527651,
9450791,
271572,
8664837,
162772,
8390512,
327792,
7156223,
1361513,
9182976,
4557298,
2188570,
9706385,
3790808,
8357850,
1920089,
6107517,
3922896,
5237733,
2282967,
7490892,
3346293,
1152560,
2693810,
8263379,
289200,
1584763,
1010296,
2917494,
7266272,
9114476,
8068197,
332248,
960231,
1017659,
4779446,
3207267,
2283954,
7901853,
4605829,
3635751,
6425038,
5552196,
1244503,
8077665,
4539961,
3009761,
5570361,
1937955,
2817770,
441548,
7276911,
5585406,
873454,
585978,
5241173,
9966154,
9858858,
7469875,
6409705,
971676,
1294267,
5692539,
5961773,
7414480,
426483,
2859588,
1652202,
7845588,
2909520,
6723915,
2570410,
6516199,
781690,
7253161,
7073632,
8541847,
3078141,
2192733,
6361313,
8770707,
7970659,
2730508,
9054119,
7988531,
7066715,
3593996,
8225031,
3911108,
8427526,
9322778,
5601458,
2920952,
2980133,
5558732,
8116260,
1698325,
9301188,
983584,
9632125,
5777515,
4240440,
2008005,
5497642,
4627702,
1529572,
8478534,
9614966,
113539,
7387354,
4518230,
2907943,
7134011,
1184753,
4154069,
8475981,
1868931,
473873,
6608731,
2303068,
4380808,
3112404,
1046478,
9162663,
8325712,
4830397,
5162482,
1318330,
1220081,
8388980,
6292078,
2766320,
4091277,
470850,
7690951,
4100426,
9408114,
4620096,
6299485,
2600810,
943349,
2914172,
1654015,
8857555,
8663540,
5603525,
8644889,
5136152,
5872584,
6694681,
9545847,
1776113,
4653457,
4380263,
3151302,
6185409,
9158728,
8334699,
957759,
4452389,
4493611,
1197087,
2112700,
8243324,
1816287,
9052904,
328872,
9487739,
7848542,
5404050,
7124000,
2375121,
9245635,
4981831,
6595630,
6395628,
9217655,
7810360,
7477811,
5553902,
5425523,
167974,
8451033,
7469005,
4493118,
7522056,
2588891,
1845116,
9482876,
5127906,
6424549,
756449,
2375576,
4784943,
8407253,
3336486,
3975880,
1233888,
493648,
4795502,
8733567,
8856203,
5280863,
4211873,
1726236,
8702352,
9437886,
7251668,
9492623,
7428152,
2228848,
8867485,
5536567,
3458761,
5646491,
7111459,
5139951,
1627529,
86172,
2468902,
2628882,
5652218,
6590355,
7577975,
7430664,
8113804,
3480706,
9847306,
3140043,
93320,
1669421,
4317430,
6381485,
7299924,
9103643,
6133417,
9510194,
6388644,
646344,
1205070,
3137865,
4218917,
5234167,
27498,
1100058,
4045348,
7377416,
3218911,
1800449,
6059818,
4979347,
8103938,
5873046,
5319279,
51670,
3629757,
796833,
7896352,
3190173,
6048811,
8478151,
6080066,
6649067,
135900,
1884542,
5631782,
4514677,
228839,
1569507,
2466617,
1828794,
2090974,
2371179,
2683402,
7549077,
490230,
4698587,
8606442,
8958490,
8473387,
3637668,
4430080,
7547884,
2585814,
2614990,
8172288,
8495456,
3745756,
6550533,
1946303,
7653899,
6128900,
2311706,
49453,
1430692,
6252800,
1849165,
4046160,
6109052,
1472313,
5650845,
5887283,
4006753,
1306134,
1093984,
4160696,
4407009,
6411032,
1905743,
4808262,
7420357,
8604361,
1261466,
6072079,
8848492,
1106886,
2055377,
8048107,
3720650,
1136975,
3571957,
28020,
5460248,
7133714,
4167060,
3800365,
6614098,
220406,
4636201,
8259865,
5738595,
4041473,
6703303,
38882,
3386939,
8814762,
5506545,
6427838,
8178499,
4337676,
4088831,
591642,
1656111,
2769616,
1718737,
5016815,
8049108,
5284646,
6373656,
7239371,
2159625,
7147309,
4910258,
2206119,
5376680,
3410991,
2328159,
8112366,
6297290,
2272219,
4101148,
7236736,
8595852,
5135762,
2806119,
158971,
4632755,
1654406,
2223220,
799427,
8830180,
4403708,
8711621,
959149,
67779,
1436095,
983640,
6467119,
7262883,
5730080,
5405793,
2656596,
6899685,
8509413,
4648797,
4695081,
5558741,
8553425,
2889276,
8282805,
4472943,
1953842,
834391,
8412253,
6798077,
6294795,
8596416,
8246547,
1635781,
9941790,
3887678,
6727227,
1883761,
1021810,
7137074,
2262188,
5712805,
1760770,
3947842,
772273,
3882168,
2116025,
8822004,
9490286,
7204553,
2100557,
2270370,
3208863,
259047,
4842030,
6307743,
7163922,
8924893,
2253832,
901431,
418148,
471211,
2216720,
6196940,
5474158,
5787248,
378693,
2288150,
3899788,
3875006,
1077161,
9930075,
3988113,
8950542,
471498,
1910745,
4902609,
412492,
745525,
5804493,
2373053,
5535848,
7198480,
4522444,
3810502,
4036264,
189491,
1456687,
5699960,
2624626,
1234560,
2083130,
3307011,
6333868,
7076570,
3643785,
2100001,
1749535,
7257785,
8972648,
1842039,
5312731,
9620794,
9660175,
8047334,
7588726,
4247878,
7569723,
1424130,
1806553,
9620198,
2225183,
4041710,
2074572,
5237262,
4782391,
1261730,
3464099,
2583529,
7177760,
964275,
2627749,
1163069,
7615935,
6276902,
3781326,
8344635,
814136,
4880038,
727640,
968514,
3364216,
7014911,
1137780,
3062964,
1204319,
5560431,
4529964,
7602115,
7510358,
4973107,
298200,
1008593,
5323449,
1499397,
6742594,
7063172,
9922725,
4872575,
6340278,
2030262,
1333885,
1696444,
6470489,
5141937,
7432120,
2895965,
8469501,
8104811,
2853995,
1980108,
1240675,
4002939,
8376145,
7414941,
8682008,
9866487,
9549578,
1145257,
2918218,
8259876,
2196673,
6230700,
7736415,
1514543,
5883859,
9677677,
8724137,
7690533,
4676335,
1850984,
8395537,
9997558,
7361974,
1339376,
6066170,
1240137,
6900014,
3827025,
3398941,
1872963,
1105926,
5388030,
7393343,
4461609,
3527227,
4673881,
3127275,
8740126,
5095898,
4704051,
8785293,
41151,
3461362,
3397562,
5419304,
9645531,
7913902,
2598657,
3487262,
8557580,
3501716,
8152417,
7502599,
6358405,
8325676,
8576417,
9101696,
4123888,
3064242,
7052210,
7498800,
4915283,
1536779,
825720,
4647430,
7059411,
5556972,
3658308,
464418,
4331929,
6458813,
710551,
1197321,
3241106,
9496034,
1168445,
1428074,
881054,
5821726,
2037084,
7305343,
7282319,
9948206,
6829471,
5385163,
3834256,
8468105,
5368470,
7934042,
4187525,
8385950,
5597553,
1710835,
6066651,
665432,
5161290,
3093280,
1631437,
6540856,
9569233,
7952240,
422598,
772199,
4997091,
9901232,
2510956,
7341440,
7206813,
5461017,
240966,
9093868,
3682466,
9278567,
4918388,
3521226,
3881477,
6826889,
9938398,
2264576,
2491091,
5986730,
4184352,
1983052,
2757605,
2573375,
9048996,
8990516,
1321171,
8221286,
9138832,
9505548,
2541714,
2076504,
618846,
1490993,
9041728,
471266,
2238812,
2877710,
6119456,
1167505,
2353853,
4472998,
801180,
855410,
710915,
4047502,
1604115,
6380379,
6419314,
975337,
2571605,
1646320,
3357504,
8370451,
4820039,
3305321,
1289652,
1918168,
702208,
9193376,
5174670,
1544147,
9744456,
4008900,
6546758,
3693938,
1755340,
6955423,
9430543,
8314583,
931090,
5981960,
9025386,
5635638,
5398570,
2854116,
4352372,
3540311,
9439024,
2576164,
6204031,
6698306,
626216,
9658889,
9070801,
3700287,
1290271,
2390122,
239716,
8189738,
3083779,
4614490,
969799,
4431411,
4979435,
2566044,
3545151,
6886314,
8768731,
2021982,
4090644,
7181651,
2058972,
8457850,
4306686,
369912,
6881074,
9984191,
5738450,
5564708,
2323413,
9631686,
7841491,
3921809,
2097116,
26525,
5939620,
9502156,
2616052,
9659757,
7192411,
5809550,
4039903,
5804068,
1898705,
2739003,
5781492,
4668453,
3858928,
5302671,
9219756,
4605954,
7103081,
6818583,
3787509,
3101670,
7062669,
5253269,
8218321,
2867887,
2223902,
2102766,
6539662,
6660288,
7445903,
8577304,
8389591,
4403796,
2461739,
3923362,
5412094,
9878728,
8601448,
5472617,
9851346,
7567538,
3485374,
9450711,
8017951,
3299536,
7332444,
5709564,
40417,
5055591,
5612161,
8365365,
8242866,
2706919,
1040425,
7830225,
9605240,
7561676,
3378408,
7918803,
3064943,
4380189,
8140106,
4592126,
9909138,
9994249,
5148205,
469135,
5184672,
3828036,
4899378,
1492390,
9917733,
6467795,
4909149,
9077697,
7988230,
2964574,
9602863,
2708288,
7743973,
7778854,
5903388,
4252536,
6867578,
8188094,
2437557,
6290095,
9624179,
2577747,
3242438,
2424628,
8420817,
9323476,
6998927,
7942212,
6598565,
946890,
154195,
4242872,
6556230,
6889169,
6815956,
228479,
6669657,
6596689,
10590,
8273720,
2023444,
2649706,
7793515,
1537611,
7712060,
1389911,
3784323,
3191414,
9395154,
5914675,
4970559,
6644723,
3907005,
3405481,
83108,
9044758,
3022857,
5545089,
9492540,
8204847,
5975105,
7252658,
2409868,
5686378,
989998,
5128088,
9196498,
6014396,
2980788,
2846506,
5797331,
3950373,
3586017,
6280913,
3707258,
8376509,
981791,
6355603,
2465442,
2664341,
324696,
2545099,
2443166,
7406222,
1297215,
4532941,
3650036,
2081674,
7030244,
3831798,
1429828,
7611386,
8667527,
1140929,
2251232,
1820090,
2014594,
8879206,
2320248,
4585291,
7079980,
1681457,
8449946,
8892320,
7869294,
683005,
4519835,
8146905,
8532864,
141951,
7940996,
8914909,
2895493,
7360752,
8814710,
1764708,
7512050,
8968355,
9931210,
1081034,
3695386,
8411191,
8401734,
7599997,
1453243,
975982,
9550997,
4983314,
7948638,
3829382,
718721,
4005677,
4963387,
9409155,
6827799,
4872532,
3897150,
1038599,
973239,
9816396,
3074682,
9860619,
1869874,
4438202,
561648,
2099956,
5768489,
7266027,
6304603,
5261599,
3408843,
2696923,
213525,
1160667,
2724638,
2868390,
7795414,
2653492,
5349443,
9074464,
2125365,
9601890,
9494077,
3097173,
306567,
7952110,
3474912,
3267515,
4123591,
3847109,
3069064,
9200990,
8333448,
2415417,
1956455,
2971022,
5966673,
8291943,
7780118,
2989505,
8125924,
2025683,
6815227,
57081,
6072339,
3316402,
7883692,
2926556,
5880071,
8497017,
985268,
3291295,
617223,
5840424,
8137484,
7366234,
1876589,
8119204,
3125817,
3172548,
1532377,
7383729,
3261873,
9267841,
5839289,
2148769,
9831471,
1982128,
7418109,
2090855,
4685894,
4225663,
6287133,
9958230,
8388600,
9628135,
8901566,
4682351,
476205,
1149498,
4153210,
3654478,
4726452,
3371130,
7460490,
5793061,
1847458,
2431890,
8444149,
377181,
8711420,
7016919,
4236619,
9658418,
7152548,
7937987,
9213354,
5988208,
6432874,
2662471,
2862130,
6609708,
1751151,
4653965,
621529,
1362975,
6629003,
5580842,
7822600,
339225,
9654978,
1329966,
4357911,
9994638,
5901124,
331104,
7379888,
7396261,
348238,
4953472,
1195680,
3122123,
4864863,
3679159,
7578397,
3874884,
1681662,
3389075,
5954929,
6092859,
4886679,
7415427,
1358151,
1754398,
7238620,
6020549,
8646696,
7171228,
2554140,
1655314,
4298108,
4853470,
4071686,
1731193,
2071444,
7503602,
6528411,
6708392,
6013182,
1858845,
4208139,
1058355,
3645450,
8450947,
8927375,
9102268,
3728369,
1389565,
822823,
6858104,
6728544,
9999918,
887838,
4847033,
2053439,
1557666,
7476794,
5315960,
4226622,
1463379,
9455232,
526255,
481633,
3986264,
6320219,
6639627,
4742377,
3181285,
449302,
300451,
7635793,
9745975,
8657919,
2269688,
9047683,
5432884,
9454140,
4408967,
8785368,
2170617,
8776043,
2944159,
2151085,
8271144,
581093,
2256218,
657725,
9013097,
9428281,
9452882,
3733797,
3490366,
152889,
668200,
5067210,
3902491,
4880053,
5417670,
7227689,
7437903,
9957503,
5405240,
385415,
4563154,
4909129,
8934127,
5308667,
880958,
2220150,
1516913,
7376032,
2756898,
661104,
7411136,
7078901,
9639336,
5941833,
5625038,
3417810,
8409099,
758167,
7443882,
9711326,
7195170,
1752950,
720743,
6638974,
7879728,
3559603,
9056403,
4829878,
7990462,
9930308,
1561474,
8986607,
3840190,
8972474,
1149579,
7398857,
7623472,
3726065,
6253944,
4754394,
1716954,
710897,
2490492,
2394914,
3654824,
7656964,
7108915,
8592176,
5162885,
7402367,
79133,
2035046,
8234297,
7902362,
1353777,
4520765,
517235,
8439585,
4228334,
3834068,
1259236,
9459444,
9788839,
4975426,
7715194,
7976179,
7192916,
7264988,
275505,
2204079,
8973315,
6401503,
2607998,
7964798,
9683961,
4295729,
831946,
5505754,
26869,
5425598,
3154458,
8636001,
7104150,
6575620,
8499259,
8545030,
4632722,
7125741,
9444925,
2316380,
4840117,
9545120,
1264251,
981939,
6328243,
4424014,
5018562,
3984343,
9447736,
1242189,
8510374,
6123771,
2668928,
5125031,
4434899,
9462027,
66308,
1078743,
295539,
6240704,
1351745,
623745,
9560598,
9641738,
1897537,
1360663,
8138062,
7177676,
883770,
7805989,
4532369,
6645378,
1085299,
1824747,
6021774,
6910977,
3882037,
3165223,
6856956,
5315295,
7832076,
4966081,
7831144,
197972,
8590561,
5658879,
9609167,
935001,
2088044,
7429253,
4927420,
8968399,
1700460,
2327796,
7188849,
1578165,
3648702,
236839,
5076688,
5605697,
3059103,
8202128,
4597761,
984359,
5997047,
8128608,
1440797,
3766763,
354256,
9517212,
7697290,
5359964,
726157,
5784901,
7842088,
8888612,
9359118,
6762790,
9407934,
5002689,
6878174,
6207569,
4012875,
8030375,
2824230,
1589051,
4311494,
9148133,
7035608,
4031975,
2040581,
6199031,
8602144,
9092927,
1616916,
9936832,
9500887,
4043437,
2719515,
3807375,
5090853,
4508073,
3950718,
8900226,
3400111,
2671598,
8020189,
7412599,
9581848,
821958,
6932939,
6863987,
1046930,
7736120,
3387134,
3383972,
2598804,
1343535,
1999548,
5667139,
9402498,
9217174,
1076128,
1648012,
8812783,
8744906,
2432245,
7595412,
9967436,
1324139,
3241817,
4159632,
2619936,
9600418,
56611,
5927276,
3941725,
3635950,
986616,
247661,
3967587,
946633,
7569513,
7491063,
6988496,
6586563,
3081864,
8483196,
7514700,
2886611,
8956736,
5631661,
5437634,
4068920,
5572151,
2219227,
5712611,
8761952,
7961745,
9485166,
3265136,
3430899,
973770,
3449944,
3891994,
1916012,
2066548,
2959976,
6684169,
636674,
3278209,
7138207,
2941991,
5571737,
6945567,
4322726,
683755,
5866895,
2471650,
5659581,
2667444,
9847586,
3853488,
4787536,
9351024,
2331184,
9781382,
511381,
6410155,
7434923,
9907983,
2006978,
9312986,
8566302,
2360098,
5935178,
5020138,
6960359,
8728295,
1863219,
3133730,
1993526,
3618966,
6601201,
5762769,
556473,
6390568,
9457773,
7003011,
9008562,
2920480,
9003041,
9247790,
9664327,
5160907,
7698306,
4552170,
4377540,
5841958,
3711151,
4966116,
591263,
4967080,
9380905,
6133287,
212437,
3720672,
3133518,
3520338,
8847334,
69800,
6166290,
397549,
2299426,
8691526,
6932004,
1134920,
8783922,
5894532,
5348367,
2508736,
9053567,
7928229,
4742741,
9531976,
2557864,
8484769,
2813590,
827787,
5873275,
8298891,
3349051,
1758599,
9944602,
6537689,
8089547,
1404360,
5167995,
146995,
2955317,
2051647,
8023778,
3483158,
4881226,
7111353,
9832550,
6408655,
4710242,
5325964,
7260675,
4567004,
7993376,
5758293,
5441580,
777145,
9127941,
9371937,
8006997,
1399500,
5037428,
9019546,
3937492,
6125567,
2555286,
348350,
8944382,
3929991,
8821390,
1513295,
9085398,
1898677,
6333962,
9656445,
6494108,
7308616,
3821171,
6867194,
1468458,
6684725,
805667,
7781181,
1716420,
8596041,
7631749,
5106678,
8297045,
9678325,
3808871,
8185555,
8722916,
5782155,
5796657,
3201812,
805222,
2245221,
815616,
1843988,
6125448,
9074669,
5914180,
8108676,
9507897,
8299930,
1356738,
500673,
544934,
1918548,
4418737,
9141177,
5092182,
9707206,
3884008,
4238841,
8703560,
6707203,
6935865,
4009250,
216297,
418220,
8717579,
6446882,
2123802,
7646418,
609259,
359367,
4989534,
552425,
6227208,
6767242,
5957668,
731903,
4298271,
2153323,
6406682,
9136051,
4895673,
114057,
969660,
8301432,
44366,
7721200,
9510354,
1708146,
1412841,
7345439,
5196832,
3122528,
6704898,
3824468,
5554658,
6505089,
2448797,
676385,
9309435,
4476571,
4152721,
7565152,
9943647,
434572,
5254506,
4418186,
7195538,
6200337,
3939993,
5477018,
217994,
3549902,
1738415,
9130354,
793098,
4145852,
9824683,
6634682,
1863309,
8235651,
8167438,
4770934,
5692899,
8019522,
9058172,
4116624,
7213563,
6815513,
140796,
5931168,
1535815,
61486,
2832404,
6658004,
223038,
8793357,
9985083,
9740467,
8727797,
526086,
1785009,
9829245,
7380230,
6438391,
1219076,
4527587,
496079,
7424464,
9960868,
3576305,
2537187,
4925381,
2236639,
4823974,
6809971,
5490148,
8128526,
458580,
927657,
740863,
8856247,
5795222,
4189753,
6828603,
4849888,
6420383,
5147543,
9566273,
2885504,
7686549,
2927031,
3211702,
1201669,
3431926,
3371061,
2348971,
1349101,
8368264,
740058,
7477996,
2547002,
835743,
7576053,
5772025,
8528694,
9567141,
9387412,
8999796,
8255665,
9734494,
7051905,
833781,
463086,
9869644,
8263497,
5677930,
7771343,
2256109,
9963479,
748080,
9057175,
5082939,
6499279,
2425167,
8924375,
5032147,
3244530,
6876105,
448126,
4039633,
2591725,
3599222,
1888430,
3725396,
8594003,
8900786,
9777140,
5432181,
8085347,
4346286,
9679530,
2942571,
9848710,
2954680,
2015360,
8762881,
9329335,
3316006,
3595887,
3368099,
4505751,
8912293,
5992224,
9995423,
8833656,
6708874,
9496944,
5454902,
9668170,
5557769,
6274830,
9993898,
5247615,
1116948,
8320123,
6508131,
187274,
9838870,
5046652,
1335233,
8484275,
118835,
1733649,
5497776,
4275016,
3918216,
3634100,
6580962,
4014205,
7089900,
1323935,
7436098,
9359949,
1232680,
829338,
8594309,
7851949,
4188618,
7215958,
6655820,
8460114,
271924,
2657809,
988471,
1258719,
4979999,
9525040,
5825008,
4846343,
2286970,
5738898,
4292071,
1684676,
5657050,
3538496,
5034585,
269415,
6639775,
3888173,
917731,
3974297,
7321191,
7025571,
2794419,
9524475,
5004726,
5109632,
9519648,
3358230,
9282569,
5574128,
8273906,
1626196,
3133001,
3626417,
6826185,
9255086,
841206,
9352481,
1623021,
5368057,
6390741,
9098407,
2533338,
6406616,
6509918,
2194860,
6709714,
4539261,
2781962,
2675144,
345079,
7369676,
7139953,
1408905,
8109666,
5572641,
4667134,
7032512,
5746477,
7888467,
6910266,
4203654,
1684271,
7897064,
7888393,
5041642,
8595550,
4170447,
3641381,
4136448,
5582825,
4767724,
4512299,
9218425,
6119773,
8589368,
7394776,
8477193,
6004851,
9847779,
2901076,
1602134,
9403185,
7838883,
9818738,
4888422,
9558482,
2314780,
6323298,
1211532,
3950051,
5060136,
4201598,
3319583,
1550863,
765299,
8814935,
3726955,
2410978,
4966805,
3693311,
6514006,
7046479,
3691230,
4501692,
5546773,
5057455,
8491012,
2656309,
26979,
9029393,
1801176,
4093603,
1866679,
1090751,
973546,
3606563,
153357,
5505277,
4960357,
9762796,
5930243,
1371079,
5421823,
9705786,
5663168,
4879210,
4022506,
7115385,
4099173,
653009,
9859060,
265739,
6743643,
6445175,
5327148,
468396,
8891706,
4913031,
5288047,
4225524,
2046082,
323182,
3135741,
5142698,
9637591,
6855222,
8292985,
4062888,
2236039,
8679956,
2780082,
7982870,
7898070,
180953,
9802840,
100376,
5945233,
7569149,
4796441,
4814915,
2299318,
708561,
9039613,
2667343,
1523628,
6226973,
7818847,
1052789,
4927779,
9928950,
9174996,
7078742,
5490116,
8159231,
5504967,
9164668,
8935821,
4083043,
8718832,
3891611,
6080265,
5855668,
268011,
4209908,
4506159,
9346990,
162834,
4400206,
7789522,
8467562,
4088109,
6157587,
7823476,
1211153,
4902976,
8830730,
310369,
9284536,
4176602,
5197640,
5201695,
3638706,
964028,
2196580,
2761804,
7346474,
8766652,
3755460,
2015307,
1089870,
7549630,
275045,
1609649,
5026525,
5803660,
6420933,
3583240,
3997664,
7941386,
5666413,
8176068,
921111,
4808880,
6502848,
2653662,
5781145,
9770374,
1396418,
9136774,
4882866,
9689699,
5419599,
5638173,
6982056,
9184550,
7022930,
904326,
9532481,
7770013,
8637135,
7243842,
9610820,
2935450,
9707897,
6295982,
85350,
7814119,
9365085,
651487,
2287835,
9907639,
215401,
9384546,
1828964,
7317592,
8722005,
7888663,
4265973,
1114372,
1296808,
1930615,
2087034,
6838554,
8580670,
2545809,
3920274,
4682834,
3423954,
2294691,
1006213,
6642791,
804369,
4483938,
4790706,
9852488,
331273,
5227601,
3001398,
8436153,
4085109,
3682374,
9763987,
1509894,
4327828,
8437638,
8195543,
2457669,
7094715,
7874919,
1480377,
4283463,
8840187,
9332875,
689919,
7706810,
4159705,
6122923,
4551369,
2721612,
3147058,
2837091,
8000732,
578364,
7170919,
7973670,
2674257,
1577697,
1766634,
8677733,
3498102,
4678316,
4938832,
5352541,
1229471,
7725215,
8457597,
4044385,
1183255,
2094220,
8705466,
1837369,
3446639,
2726694,
2294705,
5016122,
9639938,
3893458,
23882,
1463436,
5725328,
2579691,
779884,
7656259,
9495963,
5122853,
4716127,
6707552,
5196367,
8663367,
2449803,
7172870,
6230803,
7083056,
4120654,
2799648,
109720,
1409057,
8940834,
1043553,
7665212,
7151156,
2340065,
3010309,
1134822,
5718267,
3972350,
9502857,
2968789,
3924937,
5700189,
7062711,
9159350,
4651566,
4209288,
4290835,
7521406,
2962237,
8131385,
2317387,
2672325,
5411763,
4464941,
4061117,
5464482,
5888834,
3683029,
4878235,
5317500,
9144855,
7204875,
2346990,
9277989,
3148299,
4882117,
5268260,
1702997,
3582152,
3812946,
1483881,
3219172,
8167248,
3146920,
823432,
7053078,
5047023,
2580332,
3386716,
4958881,
8209455,
4966634,
4453124,
3788043,
3849714,
5878530,
5580556,
7251496,
4692223,
5057953,
6915581,
5618141,
4593650,
6477248,
8382983,
8974338,
3238487,
5209515,
7256823,
7237480,
416694,
468132,
6636646,
2372534,
1238069,
5025143,
3561441,
5203833,
7690753,
1755260,
6890419,
845262,
8191523,
8276838,
3663728,
3090301,
5203230,
573360,
8427605,
9109315,
1610023,
6078443,
2967570,
1494768,
9343685,
5994662,
4039626,
5075933,
8744685,
5590921,
4023537,
993072,
4319220,
9885342,
3943627,
276800,
1918848,
470197,
11619,
3621849,
3921960,
7272486,
3742447,
3175204,
2736638,
6768480,
1778029,
5976973,
8872114,
5582509,
4825379,
7198253,
7941364,
5500026,
5574536,
4513532,
1260026,
2711987,
3108166,
2826101,
7197100,
582253,
6148739,
1133281,
5110659,
1391803,
9510667,
574106,
566930,
8363165,
7333728,
4645511,
9593967,
4805584,
3070639,
9203888,
961287,
2446033,
9785586,
1187269,
8904566,
5923337,
5092045,
999205,
4329832,
5022221,
3017141,
4188856,
334159,
511239,
226373,
3442558,
7870281,
3423164,
6376427,
1970569,
9560136,
1278498,
7885349,
4128536,
4027655,
8102373,
1118288,
8556582,
9673831,
8122260,
4883532,
3249753,
5557359,
5758453,
3217550,
791957,
7971797,
6931460,
7709185,
5491373,
4425554,
8810023,
4072217,
2348658,
2033610,
6910565,
321895,
670142,
4820235,
9933533,
3745113,
2706578,
4109598,
3884170,
875346,
9953855,
8046475,
7874861,
8892414,
6695446,
341952,
4543352,
8263725,
1997219,
4579256,
8245661,
5027512,
7683611,
8842633,
4094740,
6890157,
830018,
6047326,
515392,
268639,
4999592,
8151551,
7273232,
5555617,
4833547,
7421532,
9909948,
5218689,
3672370,
5098406,
179298,
3866783,
3641245,
7181058,
427875,
1125699,
2076337,
8591671,
7901795,
7061234,
7299436,
731000,
2685032,
5972376,
566841,
3358130,
387266,
7648447,
9524174,
9844716,
7798726,
5643171,
1692279,
5156409,
6516602,
9765024,
4390061,
8404421,
6022186,
4817281,
68658,
6487959,
3850079,
9642601,
3287033,
2213400,
6340343,
9736051,
7502569,
9328900,
9001626,
3086851,
6481013,
8153337,
737868,
2493208,
6448519,
8906177,
1103342,
8366036,
1114402,
5460176,
4350364,
3996342,
2386542,
41473,
8321124,
407561,
4982295,
9391932,
209700,
248113,
3206039,
5086297,
4882419,
9700913,
2920434,
5061929,
4794375,
4095576,
1181785,
9971713,
3576954,
6805503,
140750,
6710859,
8095892,
2096101,
628030,
2396116,
6191469,
861758,
4350502,
5191143,
9412049,
3648289,
1816644,
3674505,
1839317,
8003977,
5990921,
3936989,
7578103,
7036359,
9245232,
3272707,
645913,
3073361,
3431282,
1193625,
1846730,
4536414,
9841172,
2549965,
7750949,
5529618,
7454370,
3779103,
7127733,
6233030,
4187486,
1733339,
88333,
7959651,
6869271,
5152160,
4798432,
9694625,
1356515,
1647354,
5904747,
3081713,
4587405,
8059519,
7795658,
156016,
5437315,
9222339,
4477827,
2643477,
997762,
9536117,
6200310,
3356615,
9342716,
3304896,
994829,
9112474,
8977266,
3531663,
7025403,
682722,
8981979,
4793903,
9052780,
8557333,
2372222,
3936978,
9418539,
3762302,
8384993,
2625557,
741027,
618233,
7286742,
8283562,
3989752,
3160746,
3863948,
4630816,
1767091,
8965042,
3014146,
9889805,
2475647,
3325992,
2798419,
9788743,
6586835,
3141570,
6947222,
3727299,
1450789,
3431496,
129807,
5899143,
5999815,
194346,
5303319,
8780665,
1297271,
1265459,
3151058,
4197955,
7170781,
1984400,
9000189,
7174378,
9143386,
4814748,
2677618,
9938833,
3538274,
1580453,
1518531,
7839961,
1982374,
3691978,
6185539,
5464355,
9571231,
9631971,
3087153,
9997049,
3682130,
54144,
6002703,
9790275,
2834572,
9120519,
3026721,
9221724,
7096873,
6161287,
3139061,
6226300,
3324650,
4387830,
9588004,
6375560,
9991664,
3223616,
4841871,
7056780,
7535573,
7839066,
4120567,
7168837,
990726,
3685492,
1461834,
1804791,
2217277,
5219686,
3907837,
7631340,
9260506,
6594771,
5716081,
3103011,
286307,
7864335,
5504505,
8264189,
9138434,
3205897,
4933964,
1694866,
8850258,
7816253,
7912173,
7146139,
8418267,
7465190,
4371545,
9589340,
6806800,
9215575,
2429195,
9767780,
6503011,
3526793,
7180777,
7892935,
6978209,
6855005,
3510654,
867088,
6136327,
9947673,
4119264,
3342161,
5242377,
301282,
2474411,
1039748,
9923359,
7710163,
3586570,
5060051,
6621208,
9480872,
3389150,
8397699,
351946,
6720428,
73005,
560109,
5787359,
5128354,
7980381,
3049341,
9525105,
2931342,
6606810,
7521110,
6950239,
4995880,
3890317,
9674814,
2315806,
5738183,
4285715,
5356249,
5582233,
4222212,
8127564,
969837,
4154862,
2795596,
9478762,
8099999,
1946062,
5759722,
5042588,
2231480,
2163000,
6904252,
6784374,
7636188,
3884237,
4257827,
5664852,
4859378,
5837930,
7115658,
3330567,
3790679,
3831527,
4301270,
2737605,
4045759,
1007450,
3703531,
7503279,
5312121,
2511394,
1401709,
3286224,
3427766,
8259441,
4150192,
2688736,
3264200,
9277322,
1641027,
8056077,
6975491,
4559766,
4796420,
4115775,
5852818,
6559982,
3364822,
4655826,
5889174,
4268936,
303186,
4384109,
1211660,
3381167,
1824506,
8742099,
5778980,
3268546,
573710,
764415,
2169554,
395439,
5166440,
5081503,
6900817,
7408373,
2284300,
4856228,
4523099,
6420424,
7666562,
7825877,
7721621,
3985103,
9672374,
2689560,
7837966,
3916698,
3608936,
6836750,
9587540,
2463592,
6730140,
856164,
5302331,
8378175,
2706649,
4394921,
7768470,
8151642,
452332,
1756423,
6655862,
4093984,
5463517,
4131116,
1652360,
39192,
2286476,
8547762,
5717712,
6242713,
4375016,
1513651,
4362744,
1512870,
2434110,
7880541,
1536949,
6780017,
4366888,
2729035,
9572928,
156868,
9151382,
6007354,
9688846,
9080475,
3369850,
6291458,
790265,
351035,
2697486,
1351691,
7740511,
3794676,
1428858,
9217101,
5883954,
9877169,
1079346,
4121875,
6409232,
5882430,
4245344,
7099196,
7129831,
9244416,
2241028,
1056236,
5437032,
283092,
4550883,
4919784,
4545539,
9944714,
4846270,
885440,
704841,
1183878,
2210711,
2934107,
7789547,
5349247,
7302600,
3597919,
6609727,
7347170,
1455545,
9463564,
9397466,
5456813,
2175462,
4094350,
5228636,
3457701,
1140131,
9933186,
9629061,
4205067,
640796,
8317088,
1292050,
4950574,
1426969,
8989535,
699429,
5555558,
9124515,
7440539,
9491034,
1281063,
7793637,
35001,
5667767,
2063523,
7777301,
3208360,
8141100,
97116,
762180,
4014411,
4757177,
7143335,
7933163,
5003457,
726298,
2275515,
7248947,
6789905,
9378925,
9740599,
3200211,
6736715,
4347005,
5282607,
6933395,
1939994,
1634626,
7621775,
6332049,
9140380,
1594857,
9820572,
4544210,
3318748,
4569739,
2992300,
1528270,
552048,
9878201,
2220141,
6461252,
9211071,
5951884,
1654146,
9312438,
6775183,
9721591,
2540710,
7531716,
7419969,
5847343,
4413739,
8636055,
8102131,
1062687,
5838803,
1498978,
8121758,
5769231,
6951178,
8356878,
9085521,
4070037,
1565794,
5942531,
8825166,
4670759,
1861704,
7740102,
4144039,
8505186,
3555837,
127493,
3270255,
4557022,
4080335,
3130780,
9588470,
3152515,
564962,
1662066,
3603079,
5988764,
8400630,
5445957,
153991,
4340272,
4822229,
5361451,
2662069,
1251538,
5298506,
634947,
5624593,
76231,
3553933,
5216591,
712019,
463713,
8772027,
2756174,
635643,
3821408,
5941744,
7866228,
8461659,
3396766,
7408156,
6819041,
8240445,
9425280,
5475761,
3470688,
5700738,
7281284,
7387335,
6039248,
5326813,
6245940,
5163393,
7385831,
2392528,
8372127,
3636900,
5655988,
5469526,
978618,
555015,
3535628,
6557737,
2546182,
2844219,
2959490,
2304652,
216025,
3047335,
7881755,
785731,
7706137,
9540514,
677309,
4011655,
5263938,
3425406,
7888701,
6708999,
8263751,
3966306,
8367826,
6989230,
8235481,
3104226,
1382777,
4276846,
9475994,
7929395,
3969397,
4310795,
5947517,
8030853,
5703481,
164175,
6907556,
2366358,
5153553,
2045588,
5642608,
7707995,
5545683,
7151374,
3793124,
7818446,
7630743,
4031305,
4059978,
9299978,
5391014,
3811193,
6572876,
6532876,
5057013,
3184207,
8878904,
4282068,
9926942,
1338568,
6374643,
2400404,
2690078,
4932643,
9057994,
2594047,
3351961,
1859324,
1716147,
2440151,
4443219,
5859924,
8093758,
6759015,
5965305,
53707,
5200777,
1042606,
485459,
8142488,
1721943,
5928336,
3939672,
7430661,
4480340,
5681742,
36413,
7869284,
9085049,
7313653,
5675347,
6088810,
5258202,
307193,
1504307,
2828323,
3889474,
9966954,
5634196,
6300059,
1606284,
127407,
9615555,
2846327,
9575705,
3369570,
4051951,
9751780,
6369330,
8994747,
6684363,
3267425,
25038,
791089,
8427229,
7783494,
1929907,
8103449,
2670771,
9656811,
4826191,
4879094,
185725,
1453998,
9107533,
2211376,
6175595,
9315327,
5625339,
440687,
7418002,
7774872,
9465436,
7096526,
6020702,
2690886,
7582925,
6876701,
2089351,
3946326,
3798304,
9459215,
563033,
5272691,
7460734,
229588,
7620102,
8931266,
7074527,
7980874,
9390835,
8054180,
7362654,
2305860,
234888,
9203591,
7606345,
1750398,
9550545,
2150629,
652558,
1834083,
4979237,
3006601,
5721322,
9768985,
5952731,
657353,
4072744,
119308,
4801990,
4957473,
4708616,
2744425,
3105561,
8334458,
7586389,
1154912,
8601929,
333765,
4313458,
5885713,
2824218,
7204058,
967423,
3652771,
1637087,
5877834,
4553293,
8909010,
64712,
3645905,
3661273,
9952702,
9195159,
1455167,
5129008,
6965819,
6530505,
77372,
1939951,
4272124,
1923475,
4402501,
3204690,
3704341,
9200424,
1803725,
4874846,
256849,
8716931,
5901728,
9829357,
5174960,
8426247,
7124625,
8150740,
5293977,
562371,
6215471,
2774097,
790772,
7748454,
6282781,
2244430,
6547809,
6237791,
3120310,
1058027,
5054104,
5078538,
2340714,
8991403,
1179710,
8264883,
5373562,
3936567,
1259974,
2396340,
4571550,
8064043,
712877,
5013271,
549582,
4625410,
5887395,
8610836,
2449805,
2384737,
7002940,
2354942,
4081495,
6533644,
9889510,
7732809,
5828062,
8997369,
4775347,
5767276,
3844323,
7279482,
593447,
2007851,
4385515,
9420645,
3190431,
1283135,
2115420,
3262015,
5420854,
7158122,
6934290,
1006636,
6397155,
1186411,
4248169,
5062421,
6140071,
4381333,
8669502,
8328016,
536427,
7851518,
894875,
1448108,
9860830,
1255341,
1948967,
1117453,
2154933,
6625235,
8114784,
7253167,
482463,
1196836,
3688510,
2782508,
490444,
6149338,
7203183,
7908631,
1806523,
8622546,
9958834,
1019586,
3589507,
2022473,
3577487,
895938,
1024793,
4461387,
5869838,
9550287,
5718480,
7199696,
1556292,
1897046,
8793581,
4165997,
6328357,
7503655,
1028839,
28134,
9367294,
914660,
9605266,
7872113,
755262,
467718,
5937680,
8317161,
6220040,
1135966,
3668011,
9854205,
2347835,
4733788,
184399,
5341599,
779423,
813352,
9004602,
1925804,
9973377,
3756956,
4024418,
1176305,
7875875,
5935516,
9981349,
2932979,
8279982,
3356191,
6520975,
260631,
7788207,
8962439,
5977955,
3989393,
9110398,
9677514,
7395835,
3591184,
9934993,
6397614,
1409330,
6601370,
4804940,
1443675,
2399930,
1441313,
310482,
5471011,
5810270,
8331407,
1479374,
5513744,
9664806,
5763,
9500934,
7706188,
193941,
8148591,
7863708,
2276110,
1995877,
2868947,
5617368,
4645002,
3395088,
1114330,
2787853,
4898258,
7568346,
5695260,
3980595,
8503340,
9608949,
9551847,
1900040,
3956819,
8986815,
39872,
2894531,
8031330,
5836769,
5347901,
1703993,
6471296,
8169450,
9678446,
2343695,
7351444,
5448860,
5535111,
6500750,
5864913,
2017686,
354223,
9950844,
3047959,
1576174,
803383,
1321089,
6876029,
1332380,
1340876,
6030675,
2281179,
1541289,
4088842,
1434485,
6943552,
2937372,
4719633,
7075524,
2199898,
1039766,
3888722,
6520555,
3089789,
2471375,
5769045,
4509031,
8425497,
4282806,
4450636,
5088907,
824163,
2809136,
5365871,
3043667,
7881150,
3812158,
2484683,
2233339,
9091249,
572815,
2795510,
478087,
8739544,
1198193,
7546813,
1306333,
2786569,
694498,
4870411,
8270246,
7762585,
7332100,
741902,
7599767,
1863541,
6490809,
4754917,
9722202,
2806496,
8523145,
3894950,
9617799,
3555087,
210540,
1394947,
112551,
5765758,
2111902,
8838881,
1027842,
1733290,
6516229,
7950991,
612430,
8729345,
2810422,
3967337,
3875577,
4930536,
8860660,
5132837,
5321037,
3622660,
8480279,
2700929,
1149957,
2045619,
6219175,
2834453,
8256586,
3108632,
1559408,
6015384,
4284104,
2258196,
5138766,
967497,
4638645,
8021411,
9848669,
8680017,
8678070,
3175068,
9564882,
7891863,
8297791,
4106091,
7869138,
6354962,
7829381,
8731703,
8406883,
2341716,
4548534,
8337889,
7500951,
8195605,
4157304,
5872454,
8303067,
2245433,
5361415,
2594257,
4114754,
7112673,
2106783,
6532884,
6546234,
1337925,
1170260,
9953295,
1906618,
7336373,
6617974,
8947675,
6630702,
1963736,
1150482,
6391996,
9647384,
6433072,
7547316,
9807517,
6381725,
9969387,
1304400,
8157656,
5557391,
6422909,
8126079,
6288446,
6128240,
5083389,
7189504,
2585983,
7517479,
6146813,
3042322,
4477046,
1879892,
7682348,
5625598,
7639265,
2327266,
4531333,
9232204,
8214973,
5969264,
341650,
7216759,
2938101,
5221572,
1899745,
9966593,
9886220,
5120266,
69092,
9024063,
2560063,
8355990,
3977850,
318880,
2170572,
3403589,
4619961,
4224995,
7378798,
4472484,
742928,
9599963,
7286679,
5040198,
3791962,
3095496,
2216950,
9455993,
9764245,
3846358,
7748208,
9513780,
4098434,
7150578,
586370,
4992964,
1183608,
8947297,
156470,
8953093,
2718314,
5779451,
7289042,
42741,
8984326,
2496855,
1052998,
5245137,
4121260,
2211084,
6652174,
7332765,
697116,
9956944,
1355500,
1840114,
266392,
3146152,
1670864,
8588523,
5191282,
8217200,
3400619,
2709085,
2773068,
3891312,
6831805,
9709159,
5699704,
7137621,
2116940,
8415285,
2962158,
8331719,
4891469,
4599710,
2725997,
7159950,
9351686,
6760022,
3166220,
577756,
5382175,
3870895,
8982324,
8573725,
7874546,
2964080,
207055,
2621865,
119518,
2117400,
6006293,
5522915,
9082046,
1845609,
9439036,
9841490,
8484560,
4985579,
9605345,
5339101,
5925938,
1955396,
5256699,
3683994,
2754267,
4741540,
8777121,
1287141,
89014,
9130473,
1464969,
8369521,
1253567,
550513,
254202,
4309227,
9931795,
4427007,
2410524,
5947767,
4602525,
7178473,
8321672,
6853321,
3233547,
8893378,
3272695,
1544542,
7832042,
3326949,
7055977,
9371852,
6251011,
5144435,
5412345,
8134095,
8641518,
8311919,
9633439,
7576655,
8118363,
3197806,
177175,
7673152,
9571924,
3297801,
6856949,
6036066,
7111765,
5533257,
2061881,
2932560,
9367716,
797395,
4549214,
1200124,
2801991,
3835992,
9621619,
1862512,
6301026,
3648781,
6961033,
4439802,
5618551,
7384860,
37195,
3827285,
3731577,
2180074,
843017,
3186225,
2848751,
546396,
730418,
4545413,
5675750,
5772976,
2329198,
5755787,
7595126,
4335626,
8928081,
4071243,
7658243,
2536086,
6280970,
2947135,
4714687,
4504601,
7572978,
9653813,
5619760,
8298866,
5239796,
6995922,
5263410,
6119556,
3480396,
2808992,
3154170,
3637248,
2637107,
5973307,
8469425,
2087668,
1138539,
7440794,
4848569,
5141773,
2409850,
9214099,
7758313,
594333,
3051310,
3347857,
999690,
4639235,
4670113,
6860515,
4853979,
3911902,
5021881,
6950955,
6480079,
7578751,
4577258,
4107466,
3478509,
8540818,
2275510,
8577547,
4027515,
9293191,
9061013,
8235325,
1674481,
4144083,
9820007,
3139252,
9731050,
5346921,
3543951,
4016111,
9273133,
6235997,
7942338,
8538210,
5987181,
9680775,
8311792,
579011,
4531862,
5086115,
1239744,
3638270,
4699513,
1765226,
1679981,
321203,
1464442,
799343,
7083863,
5136922,
995425,
1472645,
4604950,
7949900,
6887464,
2033121,
6916277,
173936,
5233112,
7879639,
8888543,
5241558,
3706376,
3312633,
1273893,
9012618,
8572495,
5710372,
8623997,
4604176,
4464589,
3404971,
6942644,
9629658,
4883393,
631806,
2031951,
2028649,
6679091,
4713201,
2137917,
3549460,
9264417,
2111816,
8334894,
7515086,
8985986,
1151260,
3110142,
9758926,
946028,
51115,
1818527,
8560047,
4619416,
9460622,
3074003,
1038637,
5851172,
8899903,
2728415,
9790621,
6247282,
6429697,
1859687,
4546320,
1586966,
470220,
2150446,
9331307,
3687236,
1976838,
2184614,
5988609,
5140830,
4154876,
5523456,
9989605,
3526334,
5557967,
5944102,
4216975,
1054541,
763987,
6932515,
846287,
7167833,
859712,
1419371,
583792,
5349618,
3689951,
3831285,
2336243,
1328540,
1238997,
9801354,
4894483,
7977497,
8611888,
9341885,
5405899,
2510156,
5870040,
6928749,
7291662,
4067920,
450436,
6780724,
2833084,
4468071,
4059682,
3638719,
2907226,
1748972,
3783833,
8558703,
8295315,
5201018,
2691983,
5628721,
3618322,
1812222,
436275,
9104266,
6272449,
7485047,
9263038,
1227879,
8743145,
1996390,
5449420,
8957699,
3369595,
4475249,
466937,
2976323,
4012485,
6162982,
148031,
4685140,
9146276,
9398654,
3793798,
6410975,
5652961,
6137326,
8510654,
6760719,
2037749,
5861775,
7100848,
6956169,
3917908,
1488459,
556309,
5065294,
3454408,
2796189,
8617437,
3317585,
7901809,
21283,
3958080,
9150180,
645255,
5565636,
7344968,
3277903,
974256,
9254451,
2594610,
7914344,
6411317,
2258046,
1312650,
5292636,
3669333,
6657408,
8250358,
843484,
1255000,
1685942,
8650030,
6784575,
8366405,
3920004,
9175634,
459435,
1051274,
7118649,
3937243,
7535265,
7598206,
8028166,
6717286,
3128345,
826661,
7269768,
9793882,
4071980,
5322192,
9419020,
8731014,
2876047,
2731941,
3563312,
1167493,
8448607,
7991092,
4988924,
5986244,
359075,
3794524,
201990,
7282547,
2318904,
9758583,
1227842,
5274478,
6639750,
6536419,
1061034,
3710917,
4700529,
3656043,
253494,
432090,
8913792,
3043747,
4931042,
4524717,
9328331,
8076297,
9018739,
9988466,
2838879,
573721,
8133241,
1992496,
4995293,
5400331,
9465596,
7650482,
3612582,
4285048,
1030639,
8779695,
9779583,
7102857,
4899368,
9334179,
5448157,
177680,
2458468,
5114326,
7556166,
7172727,
5356284,
7954655,
6596571,
8827841,
3597404,
878776,
2691383,
3184084,
2238132,
4685054,
4563254,
8004305,
312954,
88718,
6318958,
1854211,
9987272,
2895610,
3667970,
9751806,
484466,
2720039,
5095871,
3424022,
75511,
8483689,
4596283,
5027576,
347212,
6344720,
836507,
6697110,
80238,
7805757,
3091027,
6476896,
1370963,
7536620,
6923556,
4073311,
8121303,
1922208,
2432231,
7433652,
6698502,
508096,
4894086,
3412700,
432031,
3366002,
1853935,
2731778,
3667512,
7938385,
2099203,
1065986,
7337829,
9146045,
546331,
4413557,
6439269,
6454718,
8835774,
7907212,
415842,
1196250,
4391668,
2920721,
257597,
6727056,
848645,
7704721,
1109049,
2981194,
82368,
1854261,
6361493,
5637427,
601739,
4666307,
8568292,
8469364,
8769762,
1888912,
4074897,
5484778,
8216557,
4494508,
1995632,
7184863,
8891929,
6928230,
4096998,
2686296,
476460,
787964,
262479,
6548558,
5329026,
3086217,
4516563,
5936112,
3795156,
6124773,
9075961,
219598,
9534584,
8581403,
8573686,
1282359,
4547911,
4663816,
3466934,
8648217,
2791193,
129372,
692421,
9083478,
7663821,
599932,
873078,
5550814,
2239005,
8919598,
4807715,
5304763,
1877660,
4308933,
7590542,
1518169,
6825512,
6762615,
6510111,
7116025,
7539686,
5518377,
8867546,
3467800,
7825023,
493370,
8031609,
251366,
381903,
340021,
413389,
6151377,
6076275,
216765,
2596179,
3091948,
2139138,
6499914,
6596290,
9428115,
5586630,
4481292,
2158311,
9932755,
6423454,
8602071,
8103538,
2515099,
651280,
2966711,
53087,
3394228,
5750270,
2761626,
9337327,
3925472,
1135905,
4771690,
7581166,
3439736,
3114663,
7443454,
3319765,
3305442,
8071228,
7887376,
1052172,
7959832,
9016271,
4842171,
9380469,
8881011,
9207887,
2942802,
3309855,
7384215,
2331260,
4639436,
6400202,
1725396,
1680077,
1808090,
1262542,
3282330,
929745,
9474533,
1883954,
5558053,
6426389,
9141377,
8442245,
8413560,
5437159,
8964135,
4636949,
8286274,
6516300,
2465409,
9115907,
3187953,
7037969,
6607198,
6316996,
9000257,
9030730,
3859720,
7972205,
998376,
7720184,
1410932,
4636600,
1632615,
7645116,
3854374,
6907350,
2385102,
8859102,
3573768,
8488310,
3993239,
563436,
5611159,
7933330,
5493714,
1538735,
1061289,
2766718,
8390491,
5951629,
4978208,
8732024,
7787279,
9509315,
1411017,
8160539,
7549607,
4518840,
9503966,
4878624,
1473745,
3179393,
602040,
8688243,
7039298,
6394925,
6996446,
257810,
2609466,
540864,
8325383,
7250635,
2917461,
6952661,
1713709,
4696109,
1339836,
8425464,
6491087,
6973846,
806941,
3723098,
3771506,
5333885,
8237926,
4991098,
5307900,
3616175,
112296,
4052484,
4854030,
5760378,
9202091,
1836463,
8771558,
1812201,
4588474,
649211,
813693,
4435253,
8873469,
1642419,
8897558,
5427616,
7972373,
9669200,
9245884,
1420082,
34320,
4738520,
5534386,
9798217,
888191,
3488200,
7624647,
9943193,
3948128,
5493157,
6093114,
1126487,
2737518,
7809378,
5085197,
6821352,
4102432,
6925746,
7029333,
5809199,
9785123,
254716,
8439229,
3261662,
3315283,
9439400,
6413328,
9969509,
8151341,
5088567,
508964,
5067172,
1666296,
7072522,
4424455,
6966934,
7922012,
6221894,
6365832,
8769609,
213228,
2167756,
6105647,
8158676,
2086926,
8145546,
559791,
7712662,
2955008,
6856728,
8213993,
9685738,
1517681,
1941079,
5925144,
9609267,
7002168,
7259041,
9503318,
5557245,
4695921,
1017509,
2048872,
4596336,
8415614,
3793910,
1274716,
4806424,
8402868,
8722465,
8987341,
310347,
8674659,
8502931,
2530947,
7991681,
3081101,
7476175,
9317399,
8007258,
4235274,
7782385,
1570684,
5816205,
4079502,
6576696,
9107724,
1250173,
9139479,
6423526,
3358482,
139539,
7492340,
3324866,
5896422,
6188171,
8136835,
6359288,
9506468,
5154552,
6803389,
9617384,
9260780,
9949786,
5278938,
1015862,
5203651,
4003272,
4046044,
3656481,
7065122,
1174537,
447886,
3667546,
4928798,
3604972,
6690364,
3924580,
7972697,
4205947,
3779635,
5693359,
6282827,
7969995,
8967993,
72441,
8307550,
5969525,
5443203,
8133796,
8776639,
7772729,
3845865,
2869168,
8852304,
2059096,
5736635,
7446214,
1910330,
1457169,
9359658,
2862559,
4667788,
6054947,
7960677,
3857248,
4379722,
648513,
517944,
4898213,
8520458,
3597246,
4031107,
8210718,
3746164,
144229,
5487917,
3145845,
6003545,
238109,
290641,
709465,
3405503,
258023,
2273724,
8781232,
7937859,
9595820,
8481369,
2449520,
1192209,
6790150,
9598236,
9972251,
3138203,
5834611,
4338653,
8145100,
1454558,
1397513,
3199293,
1317415,
2131312,
1993418,
3767405,
5942820,
9936823,
2636959,
6251277,
7385364,
9911284,
3187097,
4061725,
7723569,
8304420,
5455259,
123023,
2503765,
3318415,
1203513,
5128789,
790518,
2647914,
4399161,
9182940,
6446008,
6127376,
4519918,
3177965,
9341643,
7801860,
3318975,
862340,
3164198,
2430700,
5262109,
6836063,
1625272,
6814407,
1839133,
9687852,
7216820,
6403471,
2129750,
3149680,
6177002,
2403581,
6369147,
1493927,
39569,
4035196,
5811321,
8435554,
8036522,
4736200,
928425,
1526289,
5707736,
9914760,
912144,
6439901,
3342706,
7365377,
558334,
7647359,
3338629,
9654438,
5918884,
3767619,
8205435,
662510,
7595023,
7354523,
782426,
6038863,
224012,
42357,
5252618,
9579719,
8576373,
4822194,
1749934,
4484919,
4733618,
7758329,
8750786,
78687,
7056544,
1678639,
6025665,
898484,
82056,
4284870,
6697760,
6061777,
5101558,
2728468,
9914681,
2513957,
3976821,
5984601,
5785788,
6141455,
3739350,
5331747,
1571644,
9802514,
6697126,
1906215,
2633603,
7083872,
137720,
8650663,
3360490,
5035028,
1269597,
2012756,
2185850,
8262592,
6783625,
6474673,
893209,
585581,
2344526,
2406384,
1678295,
8958387,
5437268,
4835095,
5896108,
7561521,
5296130,
7510514,
6067276,
7841040,
6134376,
3120054,
7552050,
2846005,
4570244,
6670313,
8321829,
1469094,
9010165,
4900736,
4467070,
138929,
7802886,
132445,
5476906,
6143469,
4218374,
2179888,
6909820,
8082231,
9733136,
6865040,
8846156,
4950926,
2718836,
4273483,
6472285,
6055480,
7433761,
4178822,
4292682,
9333258,
8207027,
36521,
7800191,
5727673,
5883033,
6610291,
5956217,
2018198,
7959007,
9643859,
4541564,
3951217,
401161,
9027956,
4335164,
5647937,
7865208,
9637064,
9161853,
83998,
9974791,
6422515,
7121926,
8941239,
4426504,
2448159,
3774083,
8325491,
2993015,
341932,
8689975,
9725039,
3985997,
9111259,
6632444,
3152856,
4418286,
9432351,
1631092,
1671495,
6969960,
1373016,
6437785,
3442922,
915745,
9045792,
1241198,
9076417,
2411375,
6912769,
4103423,
8366047,
7964327,
2375537,
1353267,
1515034,
5529488,
8883424,
9129721,
5637762,
473146,
3080178,
7415681,
7710980,
8638855,
8483908,
5235875,
214120,
5926531,
6857246,
214544,
5454521,
3161270,
6774196,
7397324,
9016733,
6581226,
6927370,
1138317,
1905872,
8014047,
9443825,
9937259,
4773403,
4739116,
5889877,
7383284,
6119609,
7148090,
5744842,
2820628,
9560275,
2618976,
3910809,
2998230,
3126085,
6509161,
300105,
799097,
6131493,
5850641,
704264,
9166788,
6405776,
8195818,
3997902,
7555411,
2622243,
7115067,
6268013,
4625918,
3092525,
7087445,
7683808,
4495577,
3711162,
3953683,
2834334,
4618896,
3741597,
2715807,
9860712,
1337298,
8828034,
2270507,
7996969,
4281323,
5998492,
6653570,
7107972,
3143132,
5492707,
4550445,
6475204,
9858528,
9004454,
3193243,
3430612,
5946773,
3371170,
9317209,
5475934,
8652846,
2874615,
8589938,
2249519,
620922,
2134742,
5854310,
6114712,
6099177,
5084691,
1641435,
2243570,
2135156,
3708289,
5712525,
856688,
5867293,
3102216,
5878942,
5754615,
8852270,
6993421,
27332,
4438378,
6389308,
98188,
1142033,
5966275,
4011495,
652604,
9169687,
3231219,
4710759,
8075115,
9811154,
6567474,
9047039,
7040107,
8753648,
5507816,
6063729,
247387,
471189,
5111651,
5890413,
7865772,
3524213,
2571853,
5060458,
2009876,
9279454,
8782587,
2904932,
9677466,
8148863,
8212575,
1905874,
7330761,
6811649,
8777798,
6600879,
4748231,
1436233,
1444811,
4527478,
4904475,
5659096,
7020394,
8779735,
454012,
8005326,
4995425,
5021035,
5900706,
1550801,
6410395,
6255926,
7727938,
8928755,
9497207,
6310484,
2645432,
8273708,
3326392,
7804516,
6677074,
373388,
851065,
2420534,
5069873,
4164629,
8588521,
483304,
4947578,
6761886,
5717495,
3260353,
9263350,
5447241,
593682,
4977728,
1924223,
2478560,
7598284,
2316821,
9965944,
9187638,
1833922,
7117059,
9350190,
3642956,
3469330,
3155746,
6336921,
6141839,
7508952,
210276,
6453110,
8974640,
8425561,
8129520,
7834847,
1268697,
2443710,
350081,
5163240,
6272611,
3298887,
189622,
4545343,
7181658,
21905,
4333509,
8509763,
8532758,
7710085,
6202412,
3792396,
3312812,
4346509,
7347540,
2781123,
1226836,
8515612,
7666682,
2369192,
1062625,
4338105,
5068161,
1535313,
9766360,
1110230,
2231347,
1224381,
2708868,
5982032,
2321319,
7046112,
3674898,
8546407,
6911765,
6939727,
9348114,
6435286,
7954209,
2271148,
1492141,
931453,
1403100,
1835090,
643276,
1204091,
3065324,
3927746,
7933253,
5063255,
7389159,
2036634,
6650596,
3103081,
7241692,
4762525,
2326897,
1765650,
7245165,
344270,
9499569,
9207051,
4951780,
600636,
4855372,
5884278,
3032874,
8234194,
199185,
9506188,
1742451,
5260605,
4620337,
1403926,
4186490,
8832523,
3343950,
8475728,
7388442,
3920731,
1057510,
1648244,
9787828,
195917,
9993148,
8270990,
642812,
3022929,
7723814,
2022817,
8829130,
5735149,
6496742,
9758705,
7736742,
2300016,
4980409,
262496,
9361998,
6117577,
4541357,
5095592,
4277209,
2012328,
5595004,
6643945,
4930871,
4484405,
5189820,
3065106,
7690880,
5979635,
4786953,
4124334,
4189484,
4318723,
7187648,
5883309,
4862743,
8494279,
3738514,
5867115,
7098754,
6800228,
7309945,
3684792,
7117853,
701472,
3095739,
5115824,
8604518,
1982591,
8022151,
399586,
2194675,
9532693,
482434,
9876838,
8193569,
5629377,
5228054,
2232006,
358420,
9778143,
3550599,
2372043,
1226426,
1044484,
6378539,
7452357,
9302855,
7384141,
7590827,
722310,
5445267,
2733019,
6714478,
3712450,
9988994,
9561460,
4226059,
7822772,
3555495,
6228565,
8917219,
6595846,
3069107,
4790511,
5212156,
9870801,
279313,
5922755,
8940105,
613799,
3044503,
3309299,
2868729,
4507623,
9779813,
233111,
8294460,
1357792,
4805519,
6170120,
6163639,
6034523,
6853978,
945076,
563479,
5019650,
4702140,
8450919,
8974638,
2664589,
2793029,
1064179,
7417459,
8990125,
5793700,
9707243,
4551559,
8270885,
4308581,
3014264,
6903825,
4746923,
4426098,
2250735,
7702505,
8592054,
1423037,
6517732,
4285347,
1743083,
2784963,
5340098,
3727491,
9356228,
7722635,
2993727,
3200037,
8506675,
9573212,
870493,
622938,
1284231,
3871627,
810194,
2416125,
4662738,
8461438,
3647251,
8580488,
4432976,
2785975,
3225770,
955572,
5088377,
1459554,
6829914,
8303580,
1840027,
2365058,
8357428,
1859546,
4912003,
1858141,
632472,
7165188,
9930226,
9179781,
8009809,
2369306,
1567607,
8887947,
9865767,
9730201,
645364,
4015558,
9702187,
5795930,
7615036,
3745956,
3408021,
6665863,
7757785,
7668572,
3729017,
7852318,
5537195,
4136454,
6189365,
3563705,
7328922,
2893787,
4589964,
7720919,
3225111,
1975582,
1776378,
8696413,
9773632,
5903115,
3625406,
1630611,
6361804,
6407750,
1142517,
6233087,
8491334,
8312210,
7193296,
4216166,
1415905,
1782395,
710404,
8936284,
7524831,
7934285,
2223357,
433767,
455938,
7739486,
251907,
1864337,
8207802,
4319432,
8484519,
8305961,
6496235,
6052258,
8731937,
6102336,
2261865,
2437854,
4401575,
269553,
5585396,
6375554,
3681919,
9045258,
6304163,
5405452,
756937,
8399804,
9348235,
548270,
7188845,
5256639,
226424,
4650221,
4113489,
6284449,
9192169,
2598300,
9085890,
9426250,
9406390,
3417864,
9294434,
7820901,
888959,
9098439,
5430485,
450218,
8212619,
7015085,
7756087,
710127,
5742761,
2021681,
7855806,
3157005,
9763525,
688994,
6189546,
9920608,
2055424,
3744321,
6881626,
1702718,
4401647,
3541043,
7187191,
3895848,
8099952,
1345355,
9770434,
6159151,
6844057,
4373969,
1309935,
3778814,
5313102,
4850555,
1014802,
1318026,
9469866,
2870135,
7391163,
3426823,
7918010,
1569702,
1041893,
4234844,
6705732,
6999740,
5413323,
5490245,
2687839,
6175378,
6221091,
4535815,
2970347,
5057326,
3793058,
6328492,
61325,
3671794,
760657,
9011274,
4138805,
8225015,
410867,
36732,
5321210,
9902047,
8579353,
9519038,
9987823,
7060921,
4221202,
9356743,
6046479,
1742294,
739006,
721137,
2582722,
2811161,
1778951,
8745388,
9549319,
6631217,
1523886,
1677350,
3067114,
1943922,
518227,
2374080,
1507782,
8583295,
3752905,
2819008,
6816250,
9804009,
8119434,
7332750,
4505035,
5334242,
1410525,
7326462,
4414949,
6786315,
4800518,
9811707,
2686202,
8767101,
5182325,
3433692,
3421038,
7926638,
2868336,
9534834,
6243654,
8267422,
3981187,
1683462,
3375266,
4308311,
5366121,
5217579,
6941768,
4155936,
3049999,
8656485,
4018611,
2183054,
3152937,
1323146,
3392021,
5847194,
6726847,
6198030,
4177918,
3204501,
7251074,
3890359,
2289400,
6882597,
1458618,
2665382,
6280815,
6672835,
797347,
706612,
9321062,
6486242,
2148947,
219633,
8960835,
2188970,
2434183,
8599337,
958162,
4792046,
2426461,
9685213,
7713688,
8616707,
476493,
8119469,
5841786,
6390561,
6919245,
2000619,
1065616,
2751334,
4690223,
3390279,
1973973,
4343935,
1121469,
2783742,
7214770,
8593050,
18545,
2395080,
3424686,
4317451,
1938115,
4035286,
3606554,
5623723,
4091601,
477200,
7765746,
5976071,
9493747,
4503668,
9403853,
1985349,
7855784,
7325674,
2942613,
6294450,
8291258,
7734856,
8313113,
5958699,
6158430,
5220096,
9794969,
6928817,
3306517,
4330592,
6727175,
6640577,
2623914,
3808054,
3937065,
5299206,
4104881,
2438407,
9645831,
2218109,
657056,
4188604,
8208712,
6530432,
7565488,
7996907,
4335032,
1738528,
9909787,
2575212,
4407925,
900286,
7299283,
3759731,
9185660,
3772876,
5047016,
1311594,
516088,
8943348,
5346691,
3621634,
2732851,
2872066,
1147605,
2513904,
7126629,
3858913,
9240906,
6270140,
5296748,
2213734,
7576441,
7112703,
4288131,
8371384,
5022720,
9686183,
3205683,
8338332,
9663508,
9568146,
7472778,
691664,
4292806,
5517199,
3062661,
1372891,
5025889,
6031817,
8881141,
1727899,
887442,
9846070,
1016145,
1640881,
8868659,
1228666,
7794181,
3194077,
263563,
4379406,
9496031,
1056636,
100613,
6832468,
1183440,
3764876,
2179117,
9578551,
1375790,
5202745,
7600714,
1608266,
3290342,
7925216,
4754636,
8756798,
9021663,
9488878,
3471278,
1095190,
385566,
9662957,
5501977,
9666209,
3189922,
290461,
7613756,
2103153,
4419378,
653168,
2406156,
7597510,
4233049,
9465637,
5463109,
4796798,
6773927,
82406,
5646228,
1516475,
5575843,
8149000,
8216669,
2640185,
828383,
761467,
8041140,
2260254,
6922345,
3220448,
2393470,
7975615,
9547877,
3675001,
9806496,
9317074,
2154544,
7347676,
3059934,
8510063,
1807216,
616476,
708171,
212751,
4383781,
1000719,
2557895,
7482629,
8660223,
2056887,
198714,
4027438,
8115822,
2336949,
4070872,
7786462,
8265746,
4895688,
3622480,
8066087,
5990494,
8355028,
6864540,
7818591,
5681183,
2242344,
75429,
4206015,
5056854,
8216195,
7537328,
4331094,
1234518,
4876974,
5005502,
8945025,
5044818,
7131356,
9117090,
5057049,
8685774,
1538505,
8139572,
8673555,
8594183,
6712409,
7339784,
1384708,
1888854,
2688768,
4822840,
9194229,
901995,
5186243,
946091,
8853317,
6164645,
9901003,
6356655,
6012312,
3749166,
8369834,
331915,
744041,
8096412,
521180,
2420687,
9420449,
6367334,
9804901,
6388713,
7539395,
4958334,
4750572,
6165387,
5901182,
3106841,
5950538,
8869571,
2524686,
2488168,
9798061,
60670,
4870628,
5366809,
9832258,
1116980,
1304806,
7214975,
3250559,
8086759,
7286794,
2748243,
4045923,
5488229,
509916,
7052826,
5310004,
7353142,
145956,
5891080,
1514932,
1314401,
8463379,
1371442,
7045396,
9731546,
8390520,
956154,
9899176,
4728834,
8085430,
9254692,
9308258,
1588911,
3251853,
3212970,
3054150,
7201062,
9805984,
2157918,
4460005,
7206252,
3551442,
4694284,
438660,
7112117,
9760053,
4674962,
559623,
8969396,
3983905,
8378362,
2869606,
6207153,
6039182,
4625916,
5160130,
4917490,
1905232,
8859906,
522224,
261338,
3272358,
1176454,
3362234,
1735238,
1649714,
6970553,
6574253,
794922,
3309821,
7199731,
2273620,
8774806,
2898998,
3309909,
7392476,
2173456,
7283225,
9591781,
1522328,
6193326,
7126704,
3148028,
7660031,
5929069,
1815574,
8751329,
6972638,
7791934,
3642043,
2660301,
6342981,
1638756,
9654364,
5934973,
2291912,
6642288,
4255862,
3955674,
6894535,
1195599,
2501412,
4698676,
516819,
9086492,
3092577,
3859143,
2595393,
808895,
1312740,
136500,
5267392,
196391,
5571405,
8909448,
5428620,
2569074,
6842014,
7127500,
8757351,
1278115,
8080357,
6532931,
4387527,
4913397,
700951,
6301769,
1249127,
7507897,
7366403,
9854460,
6614944,
8828336,
4710111,
3936498,
4102014,
1285018,
6165275,
1106400,
2272379,
4124587,
3813555,
9493051,
6061924,
4387859,
9094321,
6096510,
1537449,
7620655,
5330771,
2005972,
9941129,
9519011,
331869,
9695775,
9628063,
2570948,
4819317,
4034831,
4336477,
9325335,
2106510,
9807047,
3251772,
6174307,
6321625,
9389909,
2534477,
8478947,
519782,
4775465,
9378710,
9498929,
2269397,
8342600,
8251730,
1905060,
2725632,
6701588,
4736613,
1659603,
5819023,
1531500,
5359120,
9742593,
6990159,
618178,
1926284,
7583194,
5891482,
1275105,
6238193,
7123539,
4655023,
6991552,
5556013,
6198347,
2690132,
6502079,
918195,
4356957,
527982,
2508486,
9293337,
3385291,
8969853,
5010000,
6642176,
603598,
5723993,
1609544,
2232597,
1521737,
9830971,
4263533,
5010615,
1627045,
4480323,
8729828,
476727,
4960770,
1311390,
9442976,
1350987,
9707346,
3969067,
8708066,
7331726,
8276693,
5550385,
4954112,
8461730,
1303053,
3630572,
324949,
3012231,
1614746,
7797499,
3110292,
4379039,
5547602,
8051151,
5431692,
2256623,
4980643,
8039949,
1197706,
1314914,
4166002,
4908564,
3629759,
5750138,
805881,
7522015,
5634763,
414919,
897733,
7008658,
9962636,
8754390,
1624719,
7929824,
9436535,
4484084,
6011809,
4936669,
580667,
7841749,
7198815,
8514993,
6695184,
8329373,
8999951,
4346547,
8839804,
4133016,
2925413,
3930533,
5287310,
3867178,
33792,
9411809,
1795313,
8936832,
8865040,
3052481,
6519187,
4644252,
8272042,
1461316,
4551249,
5189267,
6224662,
6560686,
7920785,
1920548,
2603609,
9323416,
7426763,
5592001,
5632197,
8552193,
2899540,
1962370,
7912517,
5401925,
8400080,
5847563,
9038369,
4960645,
8464793,
1694299,
7450655,
9007323,
791139,
8890047,
4581815,
9055158,
9733870,
7358317,
9404225,
5966665,
3643813,
3509757,
1253368,
1792113,
7430686,
8328569,
3239871,
1035598,
9768662,
8270196,
7695498,
2293267,
2087856,
5730209,
8916388,
7135948,
3907137,
9115869,
6972809,
1223672,
6163232,
3010748,
9547998,
2942309,
978176,
6569307,
6649540,
7342785,
2781813,
3112366,
5605073,
7841053,
1868148,
5915760,
1010015,
5002257,
7313939,
4393614,
6238286,
785239,
1725063,
1274012,
9757973,
7863794,
5500754,
4948931,
812113,
7068800,
3217991,
1951724,
5030731,
1610566,
9337821,
2474440,
1233612,
4543521,
4722632,
6983780,
6064070,
5925568,
9427873,
4328434,
3162448,
8302158,
893965,
1252040,
8343854,
3510402,
13606,
9935011,
1688056,
351226,
586927,
4084946,
1580260,
1417887,
401462,
5179283,
4559925,
8296802,
4586044,
8735447,
8340571,
7471961,
3987360,
5942594,
3556910,
4566876,
3104972,
8635638,
2676505,
2048295,
3595267,
5426200,
2081519,
5193595,
516855,
3826572,
5581947,
2989058,
9339586,
7411832,
4565120,
4678909,
2276467,
8461683,
1617103,
8925287,
2722294,
5107588,
769993,
967017,
6495070,
7782266,
8534944,
3780278,
8175729,
2727592,
5574168,
2047063,
128904,
463418,
9245926,
2727444,
762035,
4453844,
2325002,
3209524,
7242266,
9728914,
2956891,
7376082,
6240121,
2928734,
5347395,
1479715,
4306130,
4133452,
9820103,
5458487,
7211141,
6926599,
4692634,
1251857,
4993194,
6410660,
928369,
7791835,
6553384,
5352832,
3713755,
2647147,
4430354,
6285374,
2992134,
2788294,
6857537,
2218908,
7553385,
1619266,
369500,
648566,
4534558,
6286782,
2073253,
4741825,
8130009,
8330752,
6237577,
1993380,
7940443,
1979830,
5077957,
8708569,
7823698,
8526879,
3510727,
9195003,
5208957,
2378836,
6808600,
8641364,
4508184,
8486467,
6742849,
4648376,
402033,
4658937,
8919152,
6365172,
9491905,
5575679,
5193313,
1641832,
9926027,
9378324,
9264526,
6240535,
7274428,
7640673,
4791857,
7331622,
9628622,
9141232,
7325068,
2319143,
5829493,
274917,
9612541,
7546389,
3842085,
7040131,
5307918,
9625255,
1598831,
5324575,
8743623,
5014087,
122866,
7687679,
8273421,
1037111,
8420907,
5999751,
7707604,
3794339,
1500360,
147465,
4573431,
5354224,
6918048,
3552469,
5329896,
4252192,
1508250,
6474489,
6249925,
9636559,
8365366,
7982395,
4454516,
409175,
4771885,
7076344,
6542408,
6401481,
4564948,
2731192,
2405279,
9007618,
3425127,
1605984,
9152495,
3764425,
2748718,
826455,
4590906,
7124183,
7130096,
1597061,
1414155,
4109239,
2033434,
7436183,
2152490,
2668491,
1973272,
8552761,
1018005,
4374128,
5451238,
1294705,
2051755,
9602849,
1011361,
8699055,
3438151,
8539127,
9079216,
4960990,
5498558,
7218980,
6740387,
3113319,
4709956,
401059,
7291377,
1370316,
8116053,
307683,
3261450,
9439256,
1707207,
2221896,
656525,
1640194,
2741968,
4557378,
3416546,
8899079,
9567108,
2336483,
505427,
6591504,
3264418,
9017490,
3667955,
9813839,
3411547,
2305542,
1690744,
1945793,
5390722,
4962567,
6994565,
6342895,
9013038,
1699900,
2563135,
4659628,
7747620,
7993097,
1578628,
8653429,
4553843,
6101886,
8686996,
5357011,
4211362,
7708968,
556330,
8230954,
3126629,
1409827,
4319257,
9320716,
5866080,
6791483,
5605668,
9541745,
3125173,
5031574,
3174671,
6003551,
8488910,
8829895,
4645035,
6758147,
1173503,
2053023,
7501047,
4520438,
8960272,
1728375,
1415948,
1757676,
9741926,
1967524,
1987864,
82277,
1497763,
1029367,
2223389,
7106862,
9098399,
9052159,
6531675,
3832508,
2112091,
4989264,
2607164,
5240787,
743644,
6976807,
9381785,
6047336,
7183503,
742342,
4217733,
2549216,
6978478,
5731917,
9689597,
160529,
9557129,
8388873,
9669944,
4580292,
8751788,
6460970,
5985089,
2573733,
3055677,
7343401,
648114,
6072728,
1437567,
7283522,
4603853,
713273,
3807928,
6779050,
2035877,
7027421,
5689469,
694793,
9588133,
9294314,
